0.00019922526927502863
5.306433648090974e-05
0.00016196543661149644
0.00016428020552630717
0.09220581400795304
0.0001668985254425769
0.19877583030882243
0.0004226701694450277
0.0010908654803622846
0.0007490750082676254
0.0001994975905004259
0.00040146930149795735
0.00014684765836100235
6.831250213833369e-05
0.0007105585578691987
0.0006839158883072203
0.15549327818085815
0.0008474178351867935
0.04914426001824208
0.0008886106907469385
8.696033137003242e-06
0.0007640346653824512
0.008035284633576478
4.332659353217546e-05
0.00047558718070127103
0.0006286349239072491
0.0007406757169823464
1.236882482955924e-05
0.0010398776208749938
0.000450988245760872
0.19049939911877656
0.0003983034569500863
0.0010085332983574946
0.0003511567870249419
0.000403094873420014
5.4378089614666714e-05
0.00045574794200777083
9.8084198560874e-07
0.00033132353505761054
0.12791130328216666
0.0007655358220321576
0.2041149419470214
4.00844422470551e-05
2.2990821520055107e-05
0.18714875572499026
0.00011509575687743224
0.0008050427519317522
0.0008006474413027752
0.00011591895327966495
0.00010403047492133006
0.000878494909162058
5.56892897788987e-06
0.0003176938299863322
0.0005407142709937112
5.272091170785957e-06
0.0006363773766631415
0.00039019435343327983
0.0658837523438055
0.22675921076997396
1.9171825560816154e-05
0.0007011819779345041
8.415809800746277e-05
6.179278477138497e-05
0.00011503864159710985
0.0004793488828408304
0.00047576602672227215
0.0005179435666697043
0.0002274384220775296
0.0006287853457965813
0.04484899490531602
0.0008710551600915907
4.319039528345794e-05
0.0006494926177143812
0.0009420403310598832
0.00044228188549955523
0.0006776294416638134
9.271417272546592e-06
0.001230511121750983
9.225636232045206e-05
0.00045739047443628633
1.3323077935576345e-05
0.07042058984110498
0.00045948829333394126
0.0003457611418684635
0.0004600640085221077
0.00028798460499714556
0.0007132999534684746
0.18193081230151395
0.00047025519273285045
0.00024615287937728055
0.0011629947584753649
0.506633546310553
6.820129960957349e-05
1.9779310380220377e-05
0.0004405768870331592
0.0003414326979304169
0.0006150206789707547
0.22022038671177513
0.4112886511486971
4.8441562791333894e-05
0.0956293052433639
0.48855424042518386
0.00012141603861753992
0.07857102160534044
6.628512067308087e-05
0.011794778767700725
0.0008244883485350069
2.3880532577333344e-05
0.00022691512732661974
0.0009892290476676841
0.0003159527900471778
0.0007030619340290638
0.0007431214922716084
0.010891651025748607
0.0421444070296642
0.0007624716025837355
0.05506648534815327
0.0008815258874359186
0.00016323851412261542
4.0418878549624196e-05
0.0002597821701852089
0.10967172829410643
0.18940339052836086
0.0750622665880472
0.04719180812093247
0.0013028780680190812
0.3283941402154224
0.10973772039109961
0.00032728970186863095
0.0008477589782329819
0.06143481965584522
0.23811475687806968
0.376870400254169
0.258648105510777
0.05405735130199678
0.18597096989343892
9.579963969776116e-05
0.0004211440222362324
0.0003275361129874055
0.06850709604883058
5.197729871722378e-05
0.3022466614141263
1.8072510684870754e-05
0.44845885591993206
1.5464882118028247e-06
0.000594155471451
0.3250467693323803
0.0003577284344526862
1.650382706585025e-05
0.0004219682159716976
1.009502528828713e-05
0.00038476163395117824
5.855524544676698e-05
0.17021412819690385
0.15740413245464957
0.0003873830447040965
4.033405276285765e-05
2.819888521619778e-05
0.01993791041988319
0.00040660286753519044
0.11784049935366125
2.433227077105071e-06
0.33227481760439287
0.0006714056015810354
0.4619592799740387
2.2386062057700777e-05
4.224118658283969e-05
0.2922337345423717
0.7503918411490782
8.97073233662028e-06
0.13101430408494194
0.11997036334307666
0.3170474131460378
0.06709479496954575
0.0008387247899327711
6.635638081164749e-05
1.6168291948277966e-06
0.30657946662667024
5.349315073818984e-05
0.43295543778182766
0.15983781267994576
0.00016110538652741195
0.16815680704559743
0.0008921919777945891
3.2518575123515146e-06
0.24099435448216053
4.487222879287204e-05
0.34208069925331547
0.027520486270238183
1.975250594395826e-05
0.2505902187487214
0.0005615036716165504
1.6968926646659736e-06
1.6162002331856065e-05
2.3107041485802557e-06
5.755662369209625e-05
0.16514577102084466
0.00026480118441539994
0.8025267209474928
1.4277406564678605e-05
1.0480461794636945e-05
0.027923177759547148
0.5138207210196808
3.703739445084442e-06
0.3730979979315955
8.977133230655636e-06
0.08058792137232522
1.2802129973332305e-05
1.3731870272662085e-05
1.4018149944102128e-05
0.000754429487394914
0.3934821288251704
0.2740372250921639
0.0008400418460973073
3.1834205511684026e-05
0.5324801434269949
0.6890332437878739
0.00017215600801311404
0.0006781356272725863
0.0003688081407853065
0.0001736756919104931
0.39158444057986685
0.19469148845611922
0.1026209202991534
8.886597342561546e-06
0.14484061766433626
0.0005543218909089101
5.643477651007209e-05
4.772224747108761e-05
0.18586087602861046
0.20558783692538038
0.00015729633091361437
0.5955414308854331
0.3873350508746202
0.00025974070674512114
0.0853895752095213
0.23780278280157718
0.3038467923595408
0.00010712252822538434
0.3855043840648377
0.00034136628967991505
1.6627654609104304e-05
9.089111668076575e-05
0.5356010653173169
5.837067047194548e-05
0.05227043527546989
6.285728960678712e-05
2.7374979288208663e-05
0.1840073010740509
0.8077587119168813
0.23005208741260938
0.29575330232184155
0.0005791123345341067
0.3016569986682772
0.02108176343403848
0.27399752331438537
0.1829263648257619
0.5378362193704908
1.549403553272244e-05
0.6556348200882358
0.52567351256758
4.942960582461075e-05
0.07802505295142839
0.04391925640416504
0.40071436408175487
0.1820029697484985
0.00046615342612651143
4.167244639698356e-05
0.9139438213725393
2.2858612699379236e-05
5.609742420619983e-06
0.00010040117130059916
0.14261305476996344
0.47735785591966845
0.00020549978606373333
3.670831318226004e-05
1.2110090930362931e-05
0.26959617968207034
0.06013400712959623
4.2509258195512865e-05
1.2667658856433584e-05
0.4529501338307129
5.6490196308387675e-06
0.0706984722297119
0.1429301482469571
0.04978766327588424
0.47584495118484843
0.32443949132048383
3.6686218533463085e-06
1.7058383037626934e-05
0.13741716391227063
0.10325557892660885
0.43513319247345505
4.0845139261071986e-05
7.452079394327964e-06
8.74027017443397e-05
3.963271303923062e-05
0.18757409987463286
0.7924312876497138
5.401609713434227e-05
0.17014696575848992
0.17747501279938335
2.320362479736054e-05
0.03936098124577492
2.0348649543234238e-05
0.15559646590293666
9.606767555707751e-06
2.0487871302032367e-05
0.5788585758035046
1.754229876239295e-05
3.687067373122878e-06
1.1417449492145937e-05
0.034555230650552674
1.0847465561539459e-05
0.00017990261385722095
0.46940656981396645
0.4856934103211895
0.021187637721497118
0.032393478176486884
0.588034646350419
0.24674831251170798
1.7843350019607738e-06
0.32413936807168403
0.05407725614451825
0.0002259416813115374
0.09831585557371551
0.14787926364914786
0.6099266812052624
0.1742966706292057
0.07945781842121741
2.501395454384214e-05
3.158237458995403e-05
0.5220526112003294
0.08051589071032941
0.0010375200283683499
9.070836398797309e-05
0.2517157529834697
0.030164124663914306
0.14681896973268588
0.015933009881303476
0.06534922205136212
0.25054732399148805
0.09702575106488599
0.35074086105837116
0.1065240558830266
0.19788064400135014
0.09677450636629584
0.2685329348216101
7.659049583042305e-06
0.0004543882652520249
0.00030467870884083635
4.504380812581311e-06
3.569615455828865e-05
0.15931958598161003
4.6833355700062534e-05
0.00742910925661324
0.1809625763891408
0.00030259316392444995
0.1294843903122916
6.208294800129586e-07
0.3229598938849838
1.476650898176971e-05
0.0002037813787512207
0.029642237641076343
0.0002893508040548677
0.21621853811520714
5.8044357391066884e-05
3.990847057231329e-05
0.1324148102576415
0.7018053963994632
2.4300417207487405e-06
0.26681044996287817
0.05868675720797213
1.3007612155679184e-05
0.012498120569894952
0.00020585935702964285
1.332032998874413e-05
1.5833159125678677e-05
0.44914835490421595
1.7061832328344926e-05
0.5051788162459302
1.54335859394555e-05
1.118360276057154e-05
0.00041614073833588387
0.021065819340165617
0.37779878538688083
2.8969304216395097e-05
5.3255956162255666e-05
0.3778259402518441
0.047561960074841154
0.022367537037289283
5.454497636139819e-05
0.5450415234960623
7.597488673002071e-05
0.031551040146101654
0.00028300324096429283
2.593984451322083e-05
0.0008054299782508903
1.2034952459952093e-05
0.0002827864560440753
1.1509202013111252e-05
0.16993998693816909
1.3581943100286904e-05
0.275308798152957
0.050278277018520355
1.8984547591954392e-05
0.3328314563560486
0.06140318396812418
0.4322359820665039
0.013000473912216185
4.912865006787648e-06
0.17395869073517764
0.11621920498972889
0.00026964718318327733
2.787076580332626e-05
0.41196537482816337
4.06463339322459e-06
1.8453534010313885e-05
0.09085380402698043
0.5270560410311106
0.1390971417434441
1.1645875034797668e-06
0.1413137994837068
0.3376838673963016
0.09247463788366925
0.27732403570996417
0.10116411558696743
0.028435719036312798
1.1721485888116835e-06
5.417711753549559e-05
0.057047183099365587
6.634412424400082e-06
0.46953539362438895
0.2474080675689794
0.21685107462010214
0.0005744089087708591
0.2680167670775719
0.41993403661827206
0.5356681464923719
0.028251298696639844
0.5634821843319733
4.342957672012636e-06
0.00044708913270657697
0.14014739167482954
0.0009776617174908882
3.2595113067959335e-05
0.00045816365411847926
0.0007914955240769441
9.251821676156361e-05
0.28685373404552517
0.0003426271536995774
0.20032832613751822
0.2164400407025245
0.06674323785154912
0.7118330799794129
0.1829260786028613
4.133892400236807e-05
0.06923098286092894
0.0922286303434138
0.00026935681945452025
8.889420345633586e-06
9.026761383749676e-05
0.0002030412502842202
0.0006695850695345502
0.0005938291152052424
3.298107932452303e-05
0.00013676490152077336
0.11037119331529016
0.00010116856252061068
0.0003139895729918073
1.1967888198675227e-05
0.0003391577918707061
0.007636724993234195
4.085450139019724e-06
0.00022344128856430367
9.342870259625981e-07
3.963407839745543e-05
0.07134181464629352
0.07016066193725284
0.004737210117232137
1.6283323587513606e-05
0.0011709955129296694
2.858431899517144e-05
0.12431748535401516
8.587927339273286e-05
0.44199801114195586
0.33390776731701566
0.032130206956485476
0.22242145823026016
4.4973590548548056e-06
0.1807436647606553
2.7492062340616676e-06
0.0002586940740155832
0.0005356071554903047
2.2250828186563717e-05
3.932631780371977e-05
7.91235782990871e-05
0.07802752346755135
0.0398967637187984
7.005393164030818e-05
0.09157347765795046
0.20446097065516647
0.3302190501262065
0.3400598215632722
0.3285856311432631
0.40633926190405345
5.168551437235114e-05
0.05178400764385497
0.07286258894116031
4.789853808601091e-05
0.33081362730293284
0.015901392509515284
4.807027970568116e-06
2.3876770105802157e-06
0.08587300891046885
9.123827544143197e-06
5.261930650187506e-06
0.19156691080618943
0.5152219094689038
0.25007759229466814
0.06974741772477891
0.042343549152528394
0.25521985712762646
2.8920653650290176e-05
0.15631552122931813
0.39310936346362213
0.0008940707953292348
0.0005131657786873303
3.5224759171783855e-05
0.0005942734423843837
0.8203436348632901
0.0007024645912986883
0.1039038075846074
2.2353913759035194e-05
0.06511881286705674
2.0827717902276626e-05
0.6255502433221277
0.42418571861325527
0.08021496411898703
0.03196134153828963
0.5490686661380433
0.33024606089107317
4.432515887360424e-06
0.146738333480281
0.2340556806605473
0.13731434368031145
3.236076473090208e-05
3.0308827767024714e-06
3.483878996093798e-05
0.019470643300403944
0.09189312445819765
0.03887324083596022
1.6067650054390955e-05
0.15777932549210752
1.0889008951644198e-05
2.0637699114926902e-05
0.029206957696405942
1.3266511044687525e-05
0.00011339365584455351
0.1662807098700243
1.0335423978965902e-05
0.1741720824926312
0.0003514973710273865
0.0003186430301265268
4.712738812375153e-06
2.5062155691060794e-05
7.902322297176355e-05
2.0383095430009897e-05
0.14570744555392037
0.03040809886753571
0.11280287051329048
0.8284501933955667
3.5051766571637934e-05
0.07328416189866
0.00013176663793640478
0.26904693865799645
8.689727857476493e-05
0.14655475188489933
0.00010831125437706008
0.29114396259432446
6.585606190916601e-05
4.363722179300313e-06
0.00043489684514351
9.13605228896059e-06
0.15163875787396588
3.383904970420346e-05
9.384689911179647e-06
0.0007239478411554537
1.7320938414340281
6.127558784267003e-05
0.08372719935243673
0.16151112419049138
1.2233450553754485e-06
0.0016097582523202417
0.0002219015588790396
0.30379190057911737
0.25993722473162173
0.18553170825945597
0.12420053999240616
2.6308297677357884e-05
0.08862837190180504
4.047135462878209e-05
1.278904269609152e-05
0.13771514980429722
2.3127972016702276e-05
0.43399816592711404
0.0005611441429643087
0.31401243908770476
0.0005877935386627475
0.0005873782255762759
0.20228998017633734
0.8495662489914598
1.5313131328608582e-05
1.0665939339263679e-05
0.018475001105391565
0.12994471927434673
0.0004901851248112913
0.20692038220937312
1.7749617180266396e-05
0.05823765387215349
0.46789863259451375
1.4641684307144272e-05
0.35278726307341784
1.3968292490235907e-05
0.3166165606601968
5.50646511004871e-05
0.00044814610920949525
0.12787322197139303
7.696555328168751e-05
0.0005319369547399479
1.18337120402744e-05
0.2242797466311062
0.4537571527493911
0.00011661456517742479
0.43034090753383547
0.36793995241976807
0.00011100065126793907
0.0004053276472455262
0.07012057822236946
0.15670019563499146
1.7437532080374836e-05
0.4141206697694321
0.15971721157673047
0.05817969976109846
5.7673225723604354e-05
7.218102441345247e-06
0.07786689110392994
0.021868354582018294
7.27564076049511e-06
7.761483397475286e-06
0.08852077032477847
1.9584319780580004e-05
0.1306943037121029
0.7585346951528289
0.48469618314145724
0.12938690308825423
0.4675705143264998
2.811986353960286e-05
1.9021796059478945e-05
0.561597232957756
0.03679997436900043
5.906135770295976e-05
0.24737925149847131
0.7524058977362151
0.030662477508952863
0.10913766311836892
8.752159726338889e-06
1.2089764992933489e-05
0.00018447083758991198
2.5975002420063808e-05
0.00032776774935825754
0.000285153105413503
0.5571635379652893
0.6342557910256582
0.014865570468755862
0.027429324021644785
2.102286491265845e-06
9.389933131974049e-06
0.37962496999637657
0.03578486865916816
5.696982799551879e-05
0.2671203609487454
1.4677186021692618e-05
0.0004535083619302049
0.024152684789165893
1.528582897174892e-05
2.746300685009981e-05
0.00011723888959707521
0.029659360842884456
0.00017555961498142247
6.0572365155205515e-06
0.00016146405473606225
9.54923375478106e-06
0.025813196773014687
7.876167623853136e-06
0.5706065310336219
0.0006062029243031642
3.3367971313477946e-05
0.08707751001654411
1.1314885903823118e-05
4.7175695902181117e-07
0.30115808333875665
0.09795764336594791
2.238526985408176e-05
0.4888688427592736
0.00027179993489758787
0.000500638994517815
4.067332187100603e-05
0.27459627327362635
0.4778489034909355
0.00014060297450769072
0.000451630297016728
0.0002971049560312535
0.00021752670387536924
0.28099395609515165
0.7838497015147533
0.06503095470000002
0.17044817225461323
1.8828126748047225e-05
4.823481032578498e-06
3.4346876217011267e-05
9.570635834232559e-05
0.914564322097456
2.2934260570147237e-05
0.14274745419780052
0.5565710452618599
0.39817376804164445
7.159166510704244e-07
0.0001434826522109894
2.2325232686815447e-05
0.0004415740573936725
0.0930642331981448
2.197287938815777e-05
4.260915727539856e-06
8.809271489173665e-06
9.219580180902887e-06
0.6565015395670933
0.3704705836360348
0.13069268323522015
1.8462804100732807e-05
0.11531011925773292
0.0004594241527406295
1.3187055946775268e-06
0.2016990758774235
0.0608593216598692
0.46653446536561133
0.0004196612970287017
0.000463926927550224
9.289949001338853e-05
3.6261323205563953e-05
4.8637871433998606e-05
2.857720380828341e-05
0.3328469481234071
0.10031526401358856
0.02735963924280168
0.08868815237101067
0.00044614091730169785
1.6289228392736126e-05
0.08042226535587754
2.2437957884166123e-05
3.0896204019252336e-05
0.00010849921752957686
0.00024449409787977524
0.08689781430983817
0.0002580330277950006
0.03857328930655557
0.00029613728120103053
0.0763352734858685
2.2642134795319005e-05
0.29274494967878667
0.00046870552592522484
0.14206044202704438
0.039091141185138775
1.6842480336666579e-06
0.7717012414779357
2.6021389804156083e-05
0.008852974984248854
0.49201912452617685
0.32463547518799696
0.0006201872880784073
0.5671809689866596
0.24234437053394614
0.4019683680735973
0.5581320579952378
0.11408757045157283
0.1522940567612335
0.2116391969757851
0.20194856461761407
0.6883567175964922
0.0005174375767578972
0.08223638866593382
0.3699431377294735
0.0007213381997228607
0.04220083810689373
0.24444996002254246
0.29004929805701923
0.0005913753049455012
0.24373859916651405
0.0006728297135996002
1.3956635696114441e-05
0.35526538174242406
0.2811232417064074
3.327231374877852e-06
0.6980373699161957
4.0592442710296225e-05
0.00079508389602539
0.40560279820957845
0.0005520684289842184
0.32489132118774683
4.21647882117443e-05
0.036788915120707186
4.478654953940542e-06
0.00027508169967437155
0.000420247013018988
0.049465549328827324
0.4714717793779332
0.061393419447679426
0.0004635113801546866
3.528779240528346e-05
0.0003530385747683075
0.1866106566880245
4.7614126904076076e-05
0.20113679203750287
0.26136673337293737
2.415528021505799e-05
0.3039395821918801
0.09995950577897166
0.47704062476122117
0.28407414322912306
0.36881602460573765
4.180670442075493e-05
0.00014318648691638713
2.09215573313185e-05
1.046233921060017e-06
3.000600931003056e-05
0.000570238580048558
0.000232106704396931
7.344417467324231e-05
0.6112719731049167
1.9383171376273992e-05
6.529091810918525e-06
2.3476266841555857e-05
0.0046405299541528704
0.5446536812266918
1.578682206338624e-06
0.05014111448531731
6.344267839711902e-06
2.5326322138196978e-05
0.00039744424127589195
0.08117399179135211
0.20302097745504857
0.05568945192261122
0.16579397236773608
9.026334826675811e-05
0.2589061066449209
0.00039399108649259233
0.27193175350025545
0.4041423545111272
8.46583617237171e-05
7.190163170264512e-05
1.2616432076516568e-06
0.3474197977729391
0.00015728984098543956
0.0008653681898619692
1.3444838294185996e-06
0.23104767978277096
0.23243577248108105
0.0004662239517861174
0.10770957831327423
0.14905949595984952
1.7049061638350866e-05
1.3804914876172424e-05
0.011487546091286119
1.3317226442207214e-05
0.22380124894975434
2.1991063072009038e-05
0.0004834320248830898
0.010747694745218903
0.00047319902427887713
0.24801763637811797
4.812681749210509e-07
0.09382547895071325
3.6078277733773933e-06
1.842458452239151e-05
0.22659251138501027
1.12430370674053e-05
0.270531486617066
4.31972908550511e-05
0.2725495766573937
0.02220886009491217
0.0007543140520532161
0.0004616292022822061
0.19846803313227163
0.140433412098638
0.24288260288208832
0.0005867451593268075
0.2588929035338668
8.521573118660945e-05
0.0001463916486450418
3.655011050808848e-05
0.002800444866421959
0.21507901226263657
0.010458601705688075
0.13427464126220875
0.08947577948974487
0.5059028573965457
0.24785011741025956
0.16400268748752722
0.3888926784658308
2.313021609856582e-05
0.0978116587526196
2.5318748411888565e-05
0.5483780071330393
3.0334473649916487e-05
0.31502651560011424
0.09744244760199511
0.16959512540246346
0.46818372272629355
8.503458631301991e-07
0.03115023338358516
0.0003305083935399408
0.27490753059652606
0.43760855068852145
0.009153045666902053
1.9286811678724685e-05
4.47556963559201e-05
0.002570384577105068
0.17790414843425773
0.020973126379566265
0.16129881131146434
0.48500618255675715
3.962274809103405e-06
0.11425383604266134
3.0242655268682254e-05
0.06738941496788449
6.962956244415556e-05
0.3184766926282454
0.0002911655105366717
0.5494532695328364
0.4361187743161928
0.09883506209809607
4.811338546868477e-05
0.00039897637291654844
0.0007025089562358781
0.10970932981891234
0.3007815878004846
0.5731625264373502
2.962629081091246e-05
0.10485193869600086
0.0001045160578940018
0.1055921613999811
0.0008618673178602598
0.00010230137554334713
0.5302881959769686
0.4103673830986966
0.0002822616031366232
0.39052479551568176
0.0006638290327059416
0.38846570141576037
0.14716283175046785
0.02992768620127007
0.22802618761822255
0.5125865250911833
1.9719615848527016e-05
5.376659570563775e-05
0.2588501496357121
2.347250390670993e-05
0.10048491741774997
0.13020442830240087
0.36152880803308574
2.0605843857083108e-05
1.7423515432313908e-05
0.021623410620153594
0.1870175079644726
0.12823978206471146
0.4149415819963341
0.7593036759252592
0.25262065912467685
0.28002321717525236
0.05646066608995924
0.1093877903004524
7.621289989936225e-06
0.45147257281305053
0.16818634302994478
0.43288956848205207
9.769308661628972e-05
0.00039911295193029546
0.9966911103811338
0.32497354261965183
1.831728255661392e-05
0.00030946556900450425
0.19843002499667195
0.09235636703445257
0.000587723485316694
4.257519174968429e-06
1.4144322056727146e-06
0.02660071166481771
0.5603830993410772
1.4564683459596159e-05
0.3166702751622856
1.0802850860512502e-05
2.4571729772377428e-05
3.564702306944109e-05
0.17883238340241409
3.6893817010994923e-06
0.16652825473011396
3.530888352956525e-05
0.1297187070078881
0.0001479850518667718
0.26005914702542227
0.7223172090092486
0.0009709174379501223
0.0008928213897866259
0.158997620739509
6.674002407527324e-06
0.11142555699223548
0.0004608641557518875
0.0006892686422010632
5.5134313462056134e-05
3.376185242172434e-05
1.3177332457255903e-05
0.6288883005767034
2.0442818086162532e-05
0.03137245094046861
1.138670604248974e-05
0.31998620695625263
2.2512071510192388e-05
0.08989091796962655
5.866533956512361e-05
4.678840882710406e-06
0.0003716465828922454
4.978902981795741e-05
0.17446259827721494
8.981496252124945e-06
0.00394313953201643
2.25146822945975e-05
0.0003570091892116842
0.0001805835626091105
0.039254809253383045
0.05623801443460232
0.4016362543450091
0.03662379195759217
0.12314044368812517
0.0007085798017305326
4.4592538487811723e-05
0.1857105838831869
5.6113703859941613e-05
0.27800439019130574
0.675439546969135
0.2922755377108939
0.5456157110301043
0.0227309370785426
0.0004972174188837332
4.149298801594829e-06
6.354435676954348e-06
0.027320901544958826
0.3183643329051134
0.03996075358464341
0.0005346465403516372
0.13005880620447482
0.07672850852193322
0.09648956401075896
1.91530329862624e-05
0.00012754432106347043
5.441030431758471e-06
2.1758357409418187e-05
0.31906480475437204
3.293985537155964e-05
0.00021243091712698397
0.010288424710987837
0.06832958945673645
0.13686403857119053
0.6721798275874655
0.5229833383416563
0.23774895107633526
0.0005031144615861151
0.1062272418347084
0.020311782521465455
0.0005347172201701498
0.0006361871189072384
0.04042537249416125
0.00010316974433677233
0.000547951354798019
0.10173415704059827
0.33557478824545944
0.25472638218991567
2.3661907994250398e-05
0.4576022412787276
5.3372881738863336e-05
0.31425237147860313
0.4875018092643553
0.3230877042892498
0.026235379182766486
0.000569178085297357
0.1799811581493298
0.40438389357337234
0.022381337274348028
0.4307670018565641
1.5084369536395687e-05
0.40837890413521843
0.0891553668671145
3.150324034216399e-05
1.2028877851904784e-05
0.09912629794123293
1.085732827531137
0.28668417217829417
2.0006738300202046e-05
0.0001448838048056308
0.21695868349972694
0.000356188459302685
7.838920482892308e-06
0.16256685854642502
0.09783084565590598
1.3930630366328985e-05
0.2990901480773813
0.00015681380252200307
0.3090885104480261
0.0002129790011050553
0.41753563416857264
0.14784519501796545
8.284216096375891e-06
7.0326970414559225e-06
0.24700188239921708
1.4558412788158947e-05
2.3321847698992547e-05
0.0006429654212789087
8.64771181597945e-07
0.04347831696975149
6.214946941798737e-06
1.585813335904109e-05
0.0001101003742089351
4.3756881332545104e-05
0.17608752253735868
0.2145435300013981
0.22589853572811952
0.07108021830991103
0.028917481962723746
9.022769861873388e-05
1.4011536107398722e-05
0.21084856657169465
0.002734280146485108
6.512456408279784e-05
0.9934116619573901
0.37703838389119665
0.6458976013295664
0.3182677249981015
0.11234313388438343
0.00028307821042533474
0.006193854107896543
0.00013639937214829592
0.5008983589376445
9.129584499277151e-05
0.6656365486244775
0.0576179741105357
0.17736031706758834
0.22053915574059174
0.15313941402558315
0.13621672286130734
0.0006814084164764285
0.5419515911123904
0.00012857860664805434
0.4945687629792082
1.148425601251058
3.007323648769691e-05
0.12935155698275852
0.24777820031461073
0.18124950309577123
0.0003173539207869595
0.26896590327902226
0.18312254031135325
6.652289259772495e-06
0.0002683024768292199
0.14546189878419039
0.0004590321001664733
0.07693688200950229
0.08254187599951943
0.033538994582260895
0.12418500197701199
0.12464074637697432
0.09914040180535731
0.00016684859708221954
0.2959160628268897
0.07886071357326875
0.0003756983739508969
9.2120306452029e-05
0.07265913058608288
0.0007747257849763411
0.4820187977275826
0.0008175769924442497
0.47200032886261
8.99948023208104e-06
0.00048554035228355613
9.076141484460706e-06
0.03398290965047517
1.852940120171197e-05
0.19586625331152624
1.0903068009128045e-05
0.4989242425001768
0.6983318884501539
7.176167309253187e-05
2.1657920669326803e-05
0.0008669422399236599
0.6262784510481815
0.3664374520845328
0.5807655445731975
0.04315796150770031
8.638593188364167e-05
0.014906920933861938
0.022761447347427622
0.20678011185891848
0.0001454849779830205
0.07780476287830136
0.0010213719096278898
0.7046175031416888
0.00042342284896490116
0.15350328305170072
8.068594806565951e-05
0.000897433901385328
0.08014704509799471
0.29452976334926145
0.00013274950856554987
4.62766280139381e-07
1.4988496549089031e-05
0.07863959699371788
0.1661343033053439
0.0002706840064758091
7.4156923308793955e-06
0.0003350799931946234
4.0674750152564094e-05
0.00019315222946304891
1.5188808044471135e-05
0.4655781285136871
6.363206560796405e-05
0.00043675116400394956
0.003452024129461778
8.037740618859981e-06
0.3900111762819595
2.3749329518885428e-06
0.3175815728778107
0.1251732231294238
0.3088567167507684
1.6035326370620743e-05
8.250472077272016e-06
0.5011176700806954
1.9198858520218548e-05
9.56485407107667e-06
0.0004096594440352445
0.0007745889085505264
0.5973186266729813
0.11404489953006768
0.1662153192496865
0.21909734986823362
0.01141467928924723
4.6896292825336895e-05
0.00015598613189198344
0.14014882752007438
0.0002664509369548829
0.047643905516511195
0.0002522595525082702
1.5069174518429973e-05
0.00037737581480325807
8.754658327002084e-05
6.783870044881407e-06
0.1491178935474604
0.0003384629233722551
0.4522800947083879
0.00013736338824583253
0.6628212725706025
0.380073748326188
4.639995786048319e-05
0.0001465345004819292
1.1755815226837852e-05
0.06273007188282564
0.2062713277456031
0.5795547411131472
0.530929331098721
4.47298833789085e-05
0.1860810701884252
0.31350035533699455
1.8353958370554108e-05
0.3378628282173987
0.1873909020771875
0.24488045385301657
0.2627924003536305
0.21634717903528397
2.6210768252126996e-06
0.4381192246927261
0.07724580209441849
0.11174350820769938
0.47136033527220533
1.904729165246459e-05
1.2098922501266098e-05
0.21506687213043485
0.000504211769333268
0.0004832742534235675
4.833190154282208e-05
0.00025146284428024276
0.00016065300900914016
0.24387871794485494
0.3481540573253367
0.14163431226283546
0.6289938993428501
0.00019374961303713048
0.07100510375340448
0.0007787131402714171
0.000785014738198916
0.0008502089250003626
0.10263387227223879
0.2328399908335327
0.0003998942512385565
0.056831025956961406
9.670033116347503e-06
0.61690894523413
0.5859101930946068
0.2624693123381661
3.457703550100881e-06
0.4629808937309052
0.04421979487755822
0.5770168747231623
0.0002886897725744042
0.07136242528868902
0.2596517340554084
0.000123194639907669
0.0004354972133518143
0.6852175557510931
0.7683055215324579
0.00044947080288582195
0.0005027583202332419
0.00011321265990674589
0.6206764871508847
3.521396861009709e-05
0.13286147423400987
0.16260544667796606
0.000352413196318101
0.06326059534717013
8.97089922365592e-06
8.509272987580453e-05
2.0170775103262547e-05
0.527122728841344
2.375138316016767e-05
0.05889403626566672
0.6311115351950236
6.330457155868982e-06
7.292159874563482e-05
6.959705067410736e-05
0.1563751919360732
4.361761509481779e-05
0.7521873252305356
0.09566238367528966
1.9412577728091753e-06
2.6138394661893895e-06
2.0103272010567327e-05
0.4469415623686142
7.017195016644816e-05
0.1221100022815577
0.0005679879414485944
3.0731679706160133e-06
9.37640424480687e-06
0.2567653107040353
0.006327079424876511
0.5929936020178582
0.19031993972768352
2.4936564804935954e-06
0.00014068477554172526
0.3014597982263466
0.18699723721143874
0.000383780953052445
0.3232767680802919
2.709435213251039e-05
3.3803663675617064e-06
0.6051681404541913
0.15074852826908947
1.4644616031253948e-05
0.25585951188235695
0.27105502980799645
0.05445434049648354
0.7056574089030514
0.0008881395030947882
0.0002917054879081805
0.0004914452142455562
0.13719226466938644
0.018360607311924678
0.04549592507689884
3.2633519817440046e-05
4.5408521017214686e-05
0.0006602492172054668
0.00025115468867468435
8.790396059892665e-06
2.7024095810108986e-05
0.07458312659390433
0.08061847601069287
0.08966900449215795
0.0008843181990589079
0.0004896598618717444
0.22404399232909217
0.5465268146923414
0.1189911699084499
0.28128169899990124
2.4809800372332605e-05
0.47702330574715884
0.21081865586132734
3.867612476139573e-05
0.048889267480672946
0.0003164377697548892
0.3047863054143561
2.1284329133258715e-05
2.1475504287407732e-06
3.1718650230529924e-06
0.1854583801175105
1.953512997491003e-06
1.2825839859763875e-05
0.0003803323426530821
1.8974497648618852e-05
0.9470737489183763
0.7632934644301095
2.8814265563418744e-05
0.0693177165218073
0.0005511606053730892
0.0639149361824093
0.105081720958629
0.13433836556940845
0.0005110193039153721
0.00018901712580743729
0.2808125172420098
1.0847660168904194e-05
5.599935741616172e-05
4.041492443016678e-05
1.0857977229680469e-05
6.65960912362394e-05
2.793854029403962e-05
0.00022545782752163916
4.0488695438180644e-05
0.00011886794709248942
3.414064633854639e-05
2.381651638841133e-05
5.2433560202434596e-05
0.00023745199358534756
0.3536978870014474
0.035621202370184575
0.050713552067792565
1.0288661077172123e-05
0.2193367811165825
3.7802656085366694e-05
0.4219277115523359
0.03821336345885302
1.5871314601050246e-05
0.16288734227749457
0.3829482514826387
4.094752022868606e-05
0.0002108135191424757
0.00019200896163709704
0.3049526174356603
1.22417112475178e-05
0.09451044679158369
0.7164152970543235
0.0006102912961035356
0.0007960126227586311
4.2405847353298406e-05
1.8620318946328747e-05
0.0005065397120628803
0.4031745447311976
0.09622659574037308
1.0941626256702584e-05
6.81391906174239e-06
0.0004987551165667231
0.05083876818818018
1.7268956148976005e-05
0.28988240263089265
8.153205886697811e-05
0.20085093738881457
0.0016363832072227248
0.000564130845259936
2.8183078520733517e-06
5.1846843159543904e-05
0.0002903056752865023
0.00025289697628117446
0.43879819358524763
0.11598054082217696
0.0662126151393333
0.6537412615997709
0.0005335471785748438
0.0002813528965743025
0.00021964571517899616
6.334087280980524e-06
2.0131567600163265e-06
0.0003175732149175475
2.6813057362428263e-05
7.375867964750476e-05
0.2840518698946151
0.6451982539716936
6.13300355840479e-06
0.05726683284137513
8.186496836284836e-05
0.037083176656524566
1.0653724411437035e-05
0.5836068039325651
7.895398404064903e-05
5.224963624262103e-05
0.3521511906407292
0.2708873225500577
0.07584901512496686
7.011755328853834e-06
0.00031694287810185605
1.4117970754275901e-05
1.729732269258062e-05
2.9823940706753605e-05
6.243038512802182e-06
1.5117419510702083e-06
5.480233705943666e-05
0.1296567469034613
0.45086012775338696
0.3454628697063237
0.4251889942996755
0.00011993426776043774
8.699350902400948e-07
1.8754160074838737e-05
5.720268166611767e-06
0.0028176360702944414
0.14862530505282268
7.084056198771561e-06
1.8451843540000752e-05
0.20187467428213512
7.194418677240028e-06
0.35304661432187795
0.3505158914524181
0.2792883022076112
0.00042066183091079494
0.4318751309456174
0.00017719478520289737
0.7148587857677046
0.0004640674789841481
0.23328340695278058
0.13360942494634723
1.3219217388587785e-05
0.00038821332997136907
3.889633143790575e-05
3.658876288203225e-05
0.04423499324650821
0.1762871592024679
0.20188455750845638
1.432300627556967e-05
4.301443884979877e-05
0.41513207410075786
0.22730961955854687
6.510407037183335e-06
0.25488161331163467
2.9297491811363113e-05
0.00022024510242448357
8.401442864239958e-06
0.6066688001636901
0.4765900961349178
0.36157659196090103
5.577412832331706e-05
0.10666211540879907
0.6144448712269143
0.12995404275757363
0.0333054384802743
3.640244416412108e-05
7.251426682481642e-05
0.19325893477735945
5.5103981127525055e-06
0.36648182123930023
7.738644658640122e-07
3.668837650818409e-06
0.19837691961762552
2.5046681460076323e-05
0.5301935173224013
0.12938051578343995
0.0007783674286714255
0.13567413173032689
1.4018233572113682e-05
2.848974312111566e-05
0.0006389853264231566
0.00043175075717372824
0.25904964147558274
0.03895357606877782
0.49405803491484584
0.3855583661886175
7.519911240465961e-06
1.9424878216539617e-05
0.28820670116258007
0.22997906704251725
0.2472214074173112
0.13415816287222543
0.11790345251038993
0.006978228444360274
1.019791038077886e-05
0.3821372939137511
6.41204602794321e-06
0.0005141014334008539
0.10752522216575217
0.0006270535686518769
0.07378405099244971
0.0001627697635981109
6.835196922205996e-05
0.02283701931443833
3.0742764288678764e-05
0.3030378575368218
3.223500435091321e-05
0.0005666335050759874
0.0171130120367183
9.717197300284707e-06
0.339240812169805
0.40322658909736997
0.0004742806006811251
2.0028314547135063e-06
0.0004066389406530433
0.15980053548123024
0.24244939885754804
0.38695161014424173
6.202460752503188e-05
0.02744902515461758
0.3832584590862872
1.7223174136865844e-05
8.01857503693066e-06
0.06428239923225718
0.15309915918801945
0.2946375866733139
0.020458766850985407
0.2592547236193261
0.00019507506903876763
0.0003280229738702855
6.731237192944171e-05
5.3742763759678326e-05
1.9186342273036796e-05
0.8244031294934474
0.26954631339703505
5.144177890680686e-06
1.1462409056138255e-06
0.5863640235105282
0.5697213331033665
0.23032726526900973
0.44627375730784463
0.5055167436021025
0.13087460330584394
0.10820915454707607
0.0006358221448925803
1.2666070771232128e-05
0.1960561269202763
0.0013738427224405199
0.26805694403298086
0.00018479161812908856
0.0005292259404104567
0.11705567061730875
0.1380533841343036
9.688285905152226e-05
7.471728648362383e-06
0.00046985573153183693
0.039962394372980006
0.0008085617087563276
0.7860041328620057
1.3866387775550818e-05
2.159916394200849e-05
0.012921330674608288
0.0003835241918198734
6.193978841735318e-05
4.2903317121641745e-06
0.034195925572126376
0.10559164392247736
0.16824264025032384
0.25133922662790054
3.3060487481880754e-05
0.2087800078219045
1.2616513481846568e-05
2.4836374626958524e-05
2.800104352113113e-05
0.5978985553300865
4.875447126153615e-06
0.00011919545857255009
0.1953122149589242
2.4409399590405747e-05
5.826111558675432e-05
0.0007960225984807867
0.1421667502383784
0.48622887971326323
0.0394402525677408
0.06237985975415145
0.18267686034909372
0.00039201850454070945
3.550598758531177e-06
0.3283178740593207
0.1731733745648449
0.7986021401622512
0.0580072149481464
0.9458309248569985
0.08074032059962434
3.7251949373960095e-05
0.062108172787153464
0.5049727303668424
1.8967636351003504e-05
0.002234991204887921
0.008112195876728737
0.0007541617639993487
0.00020122784724764244
3.0782373514019625e-06
0.6082426891867363
0.12894276122837048
0.48294126489233447
0.08155080646469663
0.09532025868038906
4.248564139395779e-05
1.2582235032849663e-05
0.09701305943742503
0.00015419188899418767
0.3053404659360576
0.15220647023968997
0.6657004211493036
1.3803334225207099e-05
0.22645883411325265
0.23711115244542638
5.998083560821818e-06
0.46807690938418234
4.587917262396541e-05
2.8309516955870224e-05
0.00040136552849540596
0.35946934018703447
0.0008440937049302383
0.07286771011586844
6.366795022239342e-05
0.00011152167496911895
1.3893312364850585e-05
3.7185022749206143e-06
2.3485539626852273e-05
0.3760111502996611
3.171721873480695e-05
0.6500728440547819
0.14406213281076177
8.577788592190039e-06
0.367117226399511
0.00035059465590939095
9.73312403181002e-07
1.25628702994692e-05
0.39802117072877546
0.3216248813869346
0.2120428429620143
0.07750369025137502
0.569074739003661
0.10470894231669534
0.2742939113233473
0.3770258011927975
0.5995287274575316
0.00011417384657817083
1.5575219733077947e-05
0.0008589673376735461
1.1969221893131826e-05
0.2984285665541805
0.6044965105241995
4.9742787731750013e-05
1.439659193470185e-05
1.6197301048615447e-05
1.3103704608206453e-05
7.154866274204219e-06
2.0740007740744655e-05
0.5228956466476082
7.013767237268015e-06
3.48197583404768e-05
0.1154856084256355
1.780348575531719e-05
0.0009699818325749539
0.00038664240098532424
0.01454319950588701
0.2177603418923777
0.25593691154795206
0.43372343256721446
0.16010345676725302
0.0004632615595986103
0.0002855429288796405
0.19063385239325845
2.2253434563778853e-06
0.00022495589565803585
4.3721270328859765e-05
1.8903053036003152e-05
2.510610773139834e-06
0.026833882695839077
0.34256061345515254
0.09952558414038948
0.19532980804313826
0.05623564253246944
0.2777472243380839
0.44120833642190205
0.8750966268374419
0.42271001166938943
0.2998772214458502
0.29605835564914934
3.687290284815677e-05
5.0567873250981846e-05
0.02860398050816822
0.05972958821888054
9.64474471308112e-06
2.075731993654072e-05
0.0003358730709209413
0.6342471366901578
0.02774269601177164
0.6834657455913105
7.754303199918825e-05
0.08622021513880099
8.772434361257598e-06
0.379636181776121
0.0008214736502011739
5.0289515637744145e-06
0.27211970737742824
0.18462365662505867
9.616948755190605e-05
7.914954936899051e-05
0.6716234742967242
0.04000296768606054
0.00046825047993248516
0.0004624811024369022
0.04968656622436547
8.405875140406574e-06
8.73334723183104e-05
4.723678125254105e-05
0.0477660646266916
1.8625926000070156e-05
0.00041574902799055235
0.3635462679736427
0.17068952858682399
3.7735389155671442e-06
0.1787058482759519
0.0005824502943929232
0.46547117368155394
0.28147134703375537
0.7654721044218162
0.6007028213344245
0.23357834952505613
0.24734204208857358
9.194908768830911e-05
1.7829760454941474e-05
0.1879483131703413
2.2493441214923175e-05
0.0006922906129252521
0.10101949897021689
0.083122859283666
2.4939021264765152e-05
0.01914969128907519
0.2805199950741007
0.43226294294041495
5.748481889695269e-05
0.23877700207061395
9.44965075528225e-05
0.43949016902196675
0.031779798856426754
0.342425084084317
4.4086127271401064e-05
1.0271129514887881e-05
1.80160259383577e-05
0.08493949383053398
8.314771812099574e-05
0.05230212947029241
0.18270583077213168
0.00020311473100675514
0.2776160611066337
0.00026882635349755355
0.00013339034070197856
2.984494630942343e-05
0.29400321443590344
0.3708570907498532
2.0724080816130165e-05
3.8345949133466245e-05
0.2557434710750354
0.0001577032921429255
1.51622701249128e-05
0.06783998270400265
0.12804441679614612
0.1557041977068176
0.36824364154302064
9.295585576806733e-06
0.12435383033649443
0.24049251758155796
0.4265235803084557
0.01347633485207413
0.29017653493785023
0.0003114026913086613
0.24234100929011507
1.1441295071408028e-05
0.0006402327768131813
0.10211457087666648
0.131049759157638
0.8772871678341002
1.1895289077637865e-06
0.1756043437225276
0.0001228878934872378
4.8755897273298e-05
0.2494499031406946
0.347431368242696
2.8758231625424947e-05
0.13012351276273607
0.23262020743841466
0.021723648973804698
0.00012622256130641937
0.6990838688709414
0.7157634645674219
6.527747487456978e-05
0.24514327292131818
1.5499048621969795e-05
4.834979101221201e-05
0.3019756108617676
7.798725515223103e-06
0.583822183499583
0.00041740634705010425
0.00027396763619965905
8.304499422938296e-06
0.2672705105591239
0.0005335746905633247
0.06540586139689225
0.3752164432415864
0.13789145626323177
0.122982857714544
0.262891465198893
0.03863652011439453
0.09217395428841584
0.033898049689169006
0.4220634472516887
1.3058271297602397e-05
1.5002638060937082e-05
6.779977595353785e-06
7.31734232422924e-05
0.7496020881205367
0.0674322955205938
0.27344167371614087
0.2702918836551243
0.06700539242306183
0.027117694462847515
0.4498784323096354
0.3110019448126113
1.3122297535889954e-05
2.780814679948617e-05
0.01415626619546495
1.6964216910952427e-06
0.15956700004198063
0.2192699300171627
0.03569504871106645
1.605696521148172e-05
4.3735249077452755e-05
0.15048701782287077
0.30870935628318763
0.4565803713883739
6.249421109670842e-06
1.332408800073063e-05
2.2830212664694743e-05
0.0005464995764523011
2.4959986531731295e-05
0.0382513812930803
2.0909228591676498e-05
0.00019225840265966234
1.5804984414214215e-06
0.5900823005866078
1.2304648122078285e-05
0.00010195278478220428
0.19282217789275163
0.5499698950431924
0.2217533563480223
0.10141433984776912
5.191858256437647e-06
0.0007593419161069646
1.3001445036268583e-07
0.0008116653303138847
0.000511700719377086
0.0003306023573040057
5.233233969088876e-05
0.00027173092991723596
6.529213430967936e-05
0.13904651304382865
0.409638146515188
1.5452508964394803e-06
0.03516890705501978
1.2105026267459763e-06
0.00047445297009529624
0.11365845256017469
0.20929926082641806
2.2433291258948065e-05
0.061952583949443564
0.00750490303621124
1.1247892105073982e-05
0.9337734149807143
0.08803299891036244
0.00013985108394266673
0.17815264112956875
1.781428686159493e-05
0.20941971386383548
1.94358788246443e-05
0.0005475360991645111
0.07665326808599726
1.2944180291319902e-05
0.5338719610871976
0.5780736535943359
1.5773076619885542e-06
0.00036889472101130213
0.00046108014588558995
0.00043635803797661266
0.22282357459311952
0.0002487284312239051
0.08336032886784976
0.41756366032528797
8.169771886669808e-05
3.953325389216749e-05
0.2980756518523455
0.00044466621885680716
0.16958175728420782
0.19891799473788846
1.5778605815389523e-05
0.10727111121080903
0.4205780934334765
3.497823776650862e-05
0.4233416990581343
0.6950878860414529
0.21204211786621602
0.18482435878098602
6.676358612063413e-05
4.147683996149671e-06
0.0002862046208978503
0.0006669401642520589
0.0002571729953740845
0.2802287646472108
6.519307104363849e-05
0.0005861746214764608
0.13972114960068066
0.0458566256388814
0.2540272577989348
9.175237901148e-05
5.521835712521973e-06
0.05381556192834924
3.7027963664571795e-05
6.0119996096960176e-05
0.12092905616326717
0.0003876421884064394
0.8901932442629522
4.09946849243578e-05
0.1027129078233629
0.0005637974682476469
0.0003663670147473985
1.005011921783693
0.054220019107422746
0.13434387790520155
1.1005281737856143
0.012593559164394853
0.020919284782682783
0.1457123278752287
0.5514839723952801
2.0080213132163073e-05
0.04464398118962814
0.025935015651109707
0.05831032166983791
2.040382872947475e-05
0.7881956485887089
3.74737543908399e-05
0.0004321493102047001
3.6202156241655213e-06
3.686462188207358e-05
0.20166343908816975
0.4571684700138343
3.2479129372180865e-06
4.057015435310411e-06
7.27403048225513e-06
0.07431578397021572
2.661398559997005e-05
1.4904651242752755e-05
0.03108468265532496
0.052590770097874114
0.1189119274570717
0.22502870576867295
3.717889868876231e-05
7.44439790881338e-05
0.0589207868170994
2.8514630321917326e-05
1.1465583923417968
0.6126885202919051
0.005293121465343896
0.0006743515996888979
2.613419798990189e-05
0.22529754860518061
0.1445296914453519
0.3964749620673901
0.8652559814190148
0.46547616996827823
0.5893314583995034
0.009205618909746196
0.22022633148114965
0.16071006769125926
0.08951836341214034
0.2582347793883821
0.3432773565348894
2.3270716658634007e-05
0.1997236068984136
0.07106118137310533
0.0002637070308750561
0.0004309088143348609
0.26472098273522054
0.3734058880039028
0.3349203993506492
4.752051043913262e-05
0.12309321413449358
0.20077726688381967
0.31156673153101483
0.8907756139169546
1.1559618799198287e-05
0.3249025685787276
0.05636601606578937
6.464326605241831e-06
0.6148391093377337
0.28984689649862533
1.8406813929862988e-05
0.00014108598727763323
0.0006794619334203724
0.12890920071478598
4.638754640375519e-05
0.1133421187953846
0.00032611374665882505
0.055795954668509784
0.4475768659018947
0.46563896170031593
0.45339751232600745
1.7404619480132262e-05
0.0004158631730241129
0.5128437198793028
1.804702166950201e-05
0.2807722153860361
0.2595997058517114
0.321167047693108
0.0003892281725499527
0.25767022939290274
0.5062096717110975
3.3522266450987368e-06
0.20663347801712784
0.6580091946364551
0.07729578429444829
0.2485533249515164
5.952945373516253e-05
0.04438516081872239
0.35405774242257676
1.0903395518149796e-05
0.0009321097925485733
1.5460808807904234e-05
1.2431459052146688e-05
6.460860266171868e-06
0.017297656309142314
1.7250512913450156e-05
7.341422582185512e-06
2.9921494947593063e-05
0.00029780858266448794
0.35669118680146217
0.00027806380748052054
0.0005194213181349634
0.21477933125564216
0.1461364212617587
0.13089358860878847
0.22706037648040064
2.5730236940745425e-05
0.0007012007397876921
4.4390824088662014e-06
1.9361119075517126e-05
0.023105676146900504
0.19097661284714262
8.888834248114837e-05
0.5407052504315962
9.465581788655653e-05
0.022045096247079548
9.26621281683882e-06
0.4413856221167281
0.38733449780067614
1.2167753291918666e-05
0.1162442857850826
0.7770832389027913
0.3749076325729951
0.0481613423775572
0.1435709837621542
0.06025069890399405
5.4216530718439096e-05
0.23439080210240418
0.0003461277279192046
0.14978982949601916
0.07180850746752421
0.4509002207425342
0.09908826421919731
3.489091573456755e-05
0.04896196251583704
0.6773482656388459
0.2929859249342021
0.07843158400047784
0.527759972509237
0.02581117827544207
1.8170920093409615e-05
0.00011930845099768865
0.009755941786644459
1.0998794800901414e-05
0.0003358775412142137
0.12519338672559008
0.0001367233844929825
0.36432855591939556
1.7503029098913188e-05
1.6763827339551013e-05
0.40345191187754914
0.33568078455855893
0.0007194164122153193
1.2031021187100757e-05
3.2853556645149033e-06
2.2647415345325887e-06
1.0232523190736973
1.2260315853768972e-06
0.2613194222649017
0.14775196763503168
0.508248886060813
0.07408614384192964
0.049521378092487744
0.14301561296223533
1.405871690600126e-06
4.772250815501894e-05
0.4739282435475824
0.0004806684603596778
0.39721795213118144
0.12743671616443183
4.7662571659784456e-05
0.29159801484855624
0.026736830437452307
0.008915962409306673
3.542759138887764e-06
0.0006492413227403935
0.3122830413117563
1.4856779235075174e-05
0.7674361030829645
0.5702202182029797
1.1430326214554761e-05
0.25092448827733094
0.1407560645404863
0.1496936762729871
0.6058847063560981
3.770636491580456e-05
0.0001009485081138974
0.0001328266161221558
5.290327936271568e-05
1.018661746021248
0.0001790880636817798
0.0007583345630884413
0.11004453264793765
6.521068617409946e-06
0.000376075592309474
0.31155514716492727
2.655448880469214e-05
0.35959193900731673
2.4981617851652496e-06
7.772265462669408e-05
0.07051837470718292
3.601997004739015e-05
9.946236189626192e-05
3.871547910304061e-06
0.33394810211652015
2.7239716153974996e-06
0.0005930467503791228
0.5197623656852836
0.24384150118316952
0.00011190582011971145
0.36148688059335976
0.0001470271445658633
0.477332371598221
0.0001043675198275014
2.5920167837010304e-05
0.08033011300614416
0.00018501538770925052
2.8142240186068604e-05
0.006532962471025406
0.5334846852976454
2.720562979777167e-05
0.06811884938295389
0.23714103446672832
0.00024271488798093175
0.05193842486478243
0.31904016338116337
0.4605770864090047
2.689855082565879e-06
0.027819443622055684
0.0008047149007358838
0.03087771675233649
9.253171689162874e-06
0.0006239057989527508
3.3669313296846118e-06
0.1765126296218542
0.36887507412812404
0.04004411082090598
0.30021120278059366
1.803171918113482e-05
8.605763598041824e-06
0.05246399020288697
2.857740417734232e-06
0.02329867870835901
4.799210629369097e-05
0.01598009280414093
0.02010766382051219
4.1049192602839635e-05
0.301702257384798
0.3291196381780929
0.0005039293144056784
5.5437206473268304e-05
0.0004210324635470802
0.09026197610884497
4.502484896541009e-05
9.399718305142997e-05
0.09582206694963272
0.09214578351990499
0.03717160213804522
0.7581673415427621
8.903302865828892e-06
0.0005887935133390712
1.2848207147260228e-06
0.4743281870614005
0.08368347727746384
5.161072695193012e-06
0.0007370956714150785
0.15370510297799722
0.4220219954166664
6.653885469960081e-05
0.00012480251496435876
0.0207934321002768
0.0007198098735921097
0.060453948328342014
0.08584479281873224
0.4877014492597303
2.2435689637725423e-05
0.00018690549945018676
0.15212127612452492
0.0005977123622151233
0.21642798337272123
0.00014299885448161942
0.00010338081082056698
1.073123542572335e-05
0.18106234363229265
0.2108642227323128
0.7939632527377954
0.22419742546098603
0.11224222602266447
0.023388978089711795
1.2720821570333957e-05
8.536639167598527e-06
0.5761704807441546
0.12783491130341326
0.1991869609846979
4.572856129975056e-06
0.3947951974868208
0.0005393945574444939
0.3420717817264017
9.517465920308705e-06
0.02259817156733168
0.00010632010107731092
2.3917755840797064e-05
0.3344197368547769
0.5322962703481522
0.0004191712677132177
0.39152826395695567
0.0005916388107303708
0.1191628909375251
0.36314297337127316
2.192120440393322e-06
2.9753593280664438e-05
2.967412121351462e-06
0.4934517890744401
1.0250742942737157e-05
3.3750864613804496e-05
0.00038527049647441047
1.6090341058370348e-05
0.06807037621330712
0.0003955338199133083
6.676487108411626e-05
0.10749298480484504
0.20594339184250426
0.1518204196145787
0.0002141810285451539
0.1478845051990979
1.2340050703929044e-05
0.000111002610321936
2.7731197296166783e-05
0.00038034172269469453
0.05986926142258153
0.1658115254880074
0.2812292653177048
0.4940607818500221
5.500572200817645e-05
6.949822097896895e-05
0.0748488946689407
0.406416729359135
0.45667840945113375
1.3889661760934642e-06
1.498554649750081e-05
3.4298821801238526e-05
0.014803480963231003
0.34710295039394756
0.0002048018557414253
0.2832731243968092
4.219859664062729e-06
1.050732192286067e-05
2.6442924579962584e-05
0.6629201376226916
0.12522172714484928
0.5178706797552496
0.38120392823510213
0.00033943338520175514
1.555334283078275e-05
0.00030968435614956244
2.53193949279148e-05
0.4511883512673829
0.04579251761526977
0.04010610849046905
0.036451819236692634
0.1756288200416259
0.2907587637777961
1.2861100891236328e-05
4.040192808916951e-05
1.499265996595652e-05
0.1926004493729606
8.688353051484514e-05
0.8078039295681152
0.00043743603379961716
0.0002494062490975535
0.12599409147394924
0.4540736843375822
0.1963388781865108
0.0003075745175270481
0.07125619743078744
0.20831230146217727
2.1202090828696877e-05
0.14046364957708424
0.1093999790208235
0.27493864684315567
0.03906756761922822
0.10646113682478978
6.548926615639804e-05
6.336940173658207e-05
0.5289438456823471
1.4230385061085137e-06
0.07765177043725657
0.10300668681257968
2.676403846932617e-06
0.00010378250761692116
4.619653761696868e-06
0.0005618853000048311
0.027147951614014888
0.5008506647455103
0.05300571903039922
0.07953280956372343
0.00037404961573326244
0.13107216254992832
0.04771058254578794
2.3568596625985956e-05
0.07916836096390643
1.4329348950015894e-05
0.6671992669048128
1.1578520850770662e-05
0.5659195694943913
0.04116813298992982
0.3252608351952956
0.005131838494292814
0.7872147102418848
2.3251930208532253e-05
0.18889712474558976
0.4979127448281396
1.645457693581905e-05
2.943850284237101e-05
0.00010648639941306284
0.180378366527964
4.6690989128523013e-05
0.00019873376624802243
1.1123846022683401e-05
6.816487641554381e-05
5.3344095052762187e-05
8.243822864001928e-06
5.772421358533931e-05
0.21826967144947174
0.11222950829340732
1.0195270681215965e-05
0.3446185960395014
1.8940973446229777e-05
0.0006260475149786928
2.5919311652339378e-06
0.25615125549037643
0.36393140140402747
0.2641757219107425
0.03334185737831939
0.679826846297144
0.041181101280803864
0.15608105295237645
0.0003817453638996869
4.671005950479455e-06
0.6156983366320432
0.028348424684342115
0.024080289798534518
0.7119191468221495
4.533956483226045e-05
0.2291510596768835
0.3780445266816558
0.37744408266869417
0.13888112214139964
0.4167491427967841
6.9344003836961495e-06
0.9836553254134612
0.27343944830625955
3.944561735109045e-05
0.5013446231535233
0.3676172942918641
1.5112660445364768e-05
0.702249322532814
0.042789137261543535
0.014553867512806374
0.19072438118689553
0.000505535550473685
0.0005420433977408289
0.14154557408789228
3.2310359460417514e-05
0.0003172785557875187
0.8505392825452996
0.2215079766962857
0.3049972173506086
0.8580034730034078
0.029900033438781233
9.395470651060912e-06
0.3838347682268295
0.0002299576396371599
0.18728287072285993
0.00013029651561311138
0.6660285202910878
0.30360678295729615
0.24632359235924764
0.03780903409462505
1.895344971807799e-05
0.30531744771346225
0.00017195741038899783
0.3057292926367868
0.0005121779124036551
0.07524776006657538
0.3698991169117816
0.0006447706139438003
0.0002870949046998818
0.21610238371691945
0.26698645302293444
0.10873478903144286
0.33694342100274255
3.724734567679766e-05
8.551335780154012e-05
6.475448939627246e-06
0.27498408740639785
0.2482044956635502
0.08989996053254116
0.3521400377606103
0.285906669740381
0.000535244592799726
0.27050756532568176
0.4241159069235649
7.373356536451897e-06
0.3523685595492342
0.0003896261670298168
0.00020423027294056293
0.41517455335988945
5.402684267109186e-06
0.6393450646466636
3.453694363123542e-05
0.17599271488674947
0.0006148357784555037
8.318658567060006e-05
4.410816225593106e-05
0.3318892415069707
0.3320341348967457
9.856396864997401e-06
0.34231444041622083
0.14789752158396108
0.22908359137032663
0.0005686231253573409
0.17996086625273047
0.1737904955318623
7.558334121594523e-06
0.03885311696092878
0.7142557066675885
0.3706829945652469
2.636406614121803e-05
0.393989854750246
1.4856195389720342e-05
2.7633931928515766e-05
0.020181210647922925
0.18246923936159593
0.3222042790694618
0.766911314114007
0.012556439756106054
0.15007055208231196
0.07516927686536233
1.5637030042934144e-06
0.06798484095196403
2.8766268806184975e-05
0.06875020337258031
0.00022928017465488178
0.2875847949862037
0.27945988405247246
0.00026381969579505
1.3523430016290318e-05
4.414706295354127e-06
0.5535859693831255
0.06911715859685126
0.00033721071850201863
0.032394363934539136
0.26546039799990456
2.501751087725118e-05
0.0004427858857229834
9.610428382710923e-06
0.14221348911039008
0.057545980834943625
8.941632972228313e-05
0.0011413662567809307
2.6494148883006442e-05
1.827416773852952e-06
0.022998527288412753
0.2989289887447176
0.022729647665205046
0.20140815905130147
0.0005670390197935563
0.3076587969498229
0.0001529210500666658
0.0005798568298626788
0.05463514770919314
0.3589556015698834
1.0620448020416258e-05
0.039702727368463364
0.8696439439639125
0.16139606887346603
0.07956606905186406
3.0076364087209462e-05
0.2452756145048879
0.2969114608358833
0.00013784947730619815
0.09704254906373326
0.03258816934765487
3.4139783992248347e-06
0.0006138715052837787
0.3276674893510389
0.23166715528880863
4.882301512230944e-05
8.780668535001534e-05
0.15164774715587362
3.9292290225102674e-05
6.948218951126144e-06
0.0008716906676562949
0.07589512213448743
9.798698414242186e-06
0.28444053291794524
0.21388148169141274
0.2196344739034314
0.00021564034687016152
2.509846640963867e-05
2.348410147378745e-05
0.010483013503929276
0.020720210536896717
0.0070977293810814265
0.00013533111321332235
2.6417306369419056e-05
0.057725234663095995
3.664726480240676e-05
8.86057561370777e-06
0.2839892916993637
0.0004726555291680746
9.060216907109264e-05
0.3069025094224171
0.34547341664187986
0.10636167634008042
0.00035939004271024936
3.154013152063347e-05
9.950487697608846e-06
0.16771697151747958
0.11754864025974093
0.00022198464639259342
5.4023394091539405e-05
0.0006341215422170282
0.26472054067771494
0.09055164443073743
0.027604721875527958
0.14343652414356295
0.1766660824666654
0.9137006874137724
2.0827094111814633e-05
0.0134953292328759
0.17336905332254518
0.0001672300753592919
1.2177828447329144e-05
0.028479153651157236
7.3663026464538375e-06
0.16287721818650652
0.13779015351629603
0.07848108412509325
0.5516050575602036
0.0007758848674939698
0.2817316576129871
0.30375768848124224
0.2198436214008435
3.676668612873233e-05
6.124111138943178e-05
4.501777150543553e-05
3.377679183572828e-05
8.015428243152825e-06
0.002090175086924453
0.00034054043722000783
1.4305425224146992e-05
0.19181462847635758
0.38903543417462916
3.0230949079606412e-05
2.7918439460016194e-05
0.03997238507618449
0.0006025815455227897
0.24669205422910384
0.12416463832823
3.61321126535612e-06
5.342226371156228e-05
1.1945936639667657e-05
0.0746511295507064
0.1195766449455628
0.03973433454019249
0.391335220792593
0.09157598622608577
0.6859276023386898
0.8572583376093997
0.00028236872620438695
0.0002651296497741168
0.5572214679524775
0.10129387898823186
0.5188221160266029
9.440633068834742e-06
0.176537707147615
0.6369958513239337
0.0005526279127626473
7.853554355454796e-07
6.3777435103548395e-06
0.00021919264006563344
0.00021576127179174365
0.3631296389846362
0.16131598072808442
1.2590444267242538e-05
8.831943486067326e-05
0.027745109753762785
1.8542728432169157e-05
0.21406502305285635
0.1302992800479095
0.0005723591032236332
3.489559600846662e-05
0.00016954337839145987
0.5488537805107497
0.10542425793169193
0.3137987661376846
0.1454989026102566
0.6035427160599593
0.11669564481910687
3.4468925353583095e-05
3.143159393054623e-05
0.7802832990687366
0.0001406418455396712
0.10947458664563027
1.0239964621191044
0.12243454254775636
0.0005664649920604347
0.19736237433357848
0.000201888285508376
7.455767574016984e-06
0.00010057076972506919
7.96318206657154e-06
7.716299500346712e-06
7.621440837033787e-06
0.06653471166805051
0.1089309355995342
5.595170634714898e-05
0.1739616018187946
0.015255302350742185
0.11585019376003387
2.6725494303830793e-05
0.2898764475517972
0.04656018824269094
0.28164136067813444
3.3300516663887586e-05
0.4234569901495818
1.0537543370715863
8.988768917068403e-06
0.0006174611262376203
0.5008918877658927
0.0001293394263911473
0.6221502089465447
4.3281682457008495e-05
6.55410343875638e-05
0.13877277884463515
0.00040455656323423777
1.1477525146309919e-05
3.813006548830438e-05
0.43603108032404897
7.905333876050345e-06
1.1897056244757637e-05
8.98067276159286e-06
0.6995114449823353
0.08362844522069261
0.2845141166075068
0.07242185167304771
0.0005602051087552685
1.942398789360908e-05
0.09024706731070543
0.00048087364001966426
0.2984935732269502
4.6052743024624526e-05
1.9478392962956573e-05
0.17068858175107526
2.339950527313492e-06
0.051303288533160886
4.351220347056808e-06
0.24180299733743163
0.4991292591622969
2.3536455719322088e-05
0.0005190813213669696
2.864817271806317e-05
0.006795750798035238
3.1331508275012906e-06
0.011452404570354076
0.0008817055248164813
0.7812266810006891
0.26221965601073616
0.36342815109357013
3.198699172361335e-05
8.729138779107855e-06
5.685544575906078e-05
2.5088844607155978e-06
0.22788727938235626
3.094906949174217e-05
6.418415777199479e-05
2.6456305276595688e-05
2.4038475405002385e-05
7.573543613275797e-05
6.63907496477849e-07
0.13408587654987486
0.4584168241459149
0.4531786203108279
0.04789521014468468
0.0714709479217676
0.0008677042748330489
2.2302928619127067e-05
7.654953349878753e-06
0.6487215094424389
7.304483588459287e-05
2.743017808627452e-05
0.6424085358355591
1.6400671946934233e-05
0.0827534803265234
0.06781260483570554
0.6327898802930292
0.00030331732457547717
0.3778884283479242
0.11553752466234724
0.00036833629981035664
0.00010659339290924958
0.09632865913160937
7.555149624585197e-06
1.619012615930436e-05
0.003581589330925553
2.264429097475529e-06
1.1491056727936986e-05
5.449987402675181e-05
0.5726187532636206
0.250064316103069
0.009546009096736542
0.6616869297897177
5.353019833271885e-06
1.2818800847702622e-05
0.00017917919608834897
0.37411125317837485
0.016273498965850952
1.957702079651129e-06
0.5484494745351521
0.12528079112827642
0.1263225137121236
0.45966097258270683
4.459002005875542e-05
0.07588736022579631
0.4369035084692667
0.0002758095910788877
0.05794620966233317
0.00026778406336553994
0.1394370109538916
0.08645991886896989
0.7698087776502277
1.431074987462313e-05
0.012344600175583281
8.69127245699383e-05
0.3106861423257013
0.0007370990050509964
0.0007673954776780445
2.9977072002610687e-06
0.00010565991917273639
7.905129262736404e-06
0.3253165657926726
0.5061459175576772
0.7206274559913916
1.7436668612548086e-05
0.011186532285534857
1.7230592589847763e-05
2.117405405012544e-05
0.0006069654547334289
0.02364920649107174
0.00010871776716346869
0.3574944863173924
0.3823632172915519
1.3517041968384318e-05
5.25233440862091e-06
0.1084618845273898
3.779903967477654e-06
0.42225203063190003
0.0004898086023133755
0.0989069468348382
0.4700552123793575
0.6452585634333822
0.04749736662099338
0.20459106035542526
2.811791463515231e-05
1.7590529362581492e-05
7.525059957202627e-06
0.00026458330013292105
0.021835154465447603
0.038772531236486225
2.734621057729781e-05
0.3870202111493122
0.440884898369219
0.3503649569995396
1.0741748396057001e-05
0.4007982188869683
0.3959038761512019
6.193803602508178e-05
4.3861829575326714e-06
0.1641498000374286
2.9526747284088293e-05
0.0001234453833656543
0.28037516064450213
0.4659871659384224
2.8333890509658673e-05
7.933202588194248e-05
0.05845911907176123
0.12119219687359412
2.0435953325917384e-05
1.636334200774024e-05
0.36389511299178134
3.9676653778542245e-06
0.46203954284156423
8.0489391594965e-06
0.00017337546995529487
0.00013256368783775126
4.878840901380985e-06
0.025402238958551135
0.0002974053922453499
0.22497266145627887
1.8447871527638006e-05
1.3298036344065397e-05
0.2394025168320967
1.9204184981546134e-05
0.004025298783391564
0.11727076772256499
0.04583621808407487
1.090062453229335e-06
0.8252510895349429
0.1725105126150734
0.0005975059099539101
5.419375733928422e-05
5.295837837404835e-06
0.28751387835443615
0.0001653730578888517
2.5128327270192367e-06
0.0005146304948385613
0.41422063512628937
0.027849936182711022
9.683202165425628e-05
2.793969561681667e-05
0.019131152327036265
0.2970753113129878
5.174324138312083e-05
7.634856607772217e-05
0.10039891650353606
8.827425672126608e-07
0.059510477927725756
0.0004809989787677661
0.1201600444594217
0.43507824952143453
1.199970254990202e-05
0.5464783047722267
9.204760379378765e-06
0.1342307002285965
0.0003227029869587552
3.068837827898911e-05
7.087661694935817e-05
7.484519006261126e-06
1.0209367554609219e-05
0.09168900630256581
0.6138793814325777
0.8341791791944333
0.4716485179332303
0.1541395059152075
0.4629421974967779
0.4917218301918593
7.579363118608806e-06
4.2803211982807965e-05
0.11586098224865532
0.00028905001364915007
0.0005337680278186867
2.2226943642302156e-05
0.19294744980726336
3.395124944169374e-05
0.9009459401696691
0.0004323719425456273
0.07703197852970224
0.00040271637428236363
0.11993033517646763
0.00037506373057948284
0.000413463640698868
0.010274536250670752
0.013962078881404964
0.00046014259515090255
1.7777374559345992e-05
0.12411373018265551
0.3880249509883676
0.00017002680899009414
2.5995400396201188e-05
0.23658384972077964
0.6462184430109584
1.4767662684682968e-06
0.0005407228004516968
1.879712588309794e-05
1.125804100323905e-06
0.2018605670303973
0.33501967522359405
0.00018262633309708187
6.497377473824084e-05
0.20937798061639298
4.9893027219466533e-05
0.09975022428584757
0.14245673100711406
0.7882682832980815
0.06345275003143039
0.1558715498262382
0.024759649794019113
4.335708120346277e-05
4.6929111026891996e-05
0.14912795037762702
0.05788068718364563
0.000720429739203389
0.16963096523335938
2.7580486165508008e-05
4.0371145158309996e-06
0.009950654787809215
3.184936392086653e-05
0.165275577366407
0.3619649100621407
2.2789090916737356e-05
0.00029264668683673135
0.0005150201514268165
1.1599059066329159e-06
2.4618393853232294e-06
0.00010991451613628911
0.07894544760758593
1.4792242301745024e-05
2.447966362694908e-06
3.6491554471194605e-05
0.564747981903943
0.4484886448182344
0.023928751721556347
0.0006687897200780857
1.2998177248029364e-06
1.480331770328244
0.20483839839950532
0.16441234679203148
0.06961993482021712
0.39116622553369745
2.31410920505703
3.038454221222022e-05
0.31612885775009136
1.5098034728982833e-05
0.06529977475068655
0.0004120899482401175
0.13349720419710479
0.026638771777235216
0.26938694151573117
0.021081396973891272
2.4405912658738326e-06
0.37597294493861283
0.2225865894816562
1.1765311235311088e-05
0.3259324727231871
0.006500457013101645
0.0003685943750554345
0.0006743754312749681
8.785620426827862e-06
0.4299601410977933
0.7847782471708609
0.00048179937483877996
0.057314775753915206
0.8168293652674045
0.601280094064948
0.0002567184029827646
2.085611656477612e-05
4.650961459929434e-05
0.02666261490848196
2.54111582374148e-05
0.5983947067238164
0.4064482877149983
5.7720306043448264e-05
0.0005652539561977269
0.4965213359703488
1.0030372139666797e-05
0.3589938972822552
0.0002948700337241533
0.0007204582545190834
0.00028756420115422574
0.028036610031262416
0.5138061725998371
5.764489493495058e-05
0.23807871993264992
0.09052411629810546
1.7836393915051379e-06
0.17349896142024196
0.10125742117862345
0.42523186394006857
7.308696393553461e-05
2.3526370331013743e-06
2.588671630143757e-05
0.657508742977574
7.380745359487195e-06
0.3472870797413037
0.021070498994746275
0.48387966796259135
6.278949165096634e-05
1.6450436925960666e-05
2.3230725745606704e-05
0.00026421841852142854
0.11749594130809489
0.07530749595234436
0.12810698325533917
0.18036389422228397
0.20793376881793402
0.47583476569755506
0.371978600670709
0.6928347588587728
0.01506248079265898
0.00019882570792734746
1.1213390732171742e-05
0.0746863981617987
0.0011226389237091125
0.08171272150159362
0.000471751609114717
0.5544627752896801
0.10968169443411557
0.26400224507320563
0.25562132093716006
0.1324881297207116
0.0005039518151131591
0.4084146849482834
2.9334396883408622e-05
9.779129929508591e-06
0.336764343068244
0.5975354306102456
0.00024870396137939316
0.0008528498043266563
0.12934898082911428
2.1483603059284846e-05
1.0811994515259969e-07
0.43204631978254265
2.1583086564895842e-05
0.000798030575718321
0.001110847310146055
0.0007280193887367185
0.28308147443798976
0.7129239217920355
3.664870651708615e-06
0.06257883057856703
3.81806444822486e-05
0.18859641748709152
0.45472036712059205
0.17399814961197477
0.0005499974122556853
1.665881036168545e-05
0.0005763945550591017
0.19732908252279807
0.00015407681234109067
0.45849759288547576
0.32551304416001475
2.0139258682213756e-06
0.00047140365670604535
2.0635629233516462e-05
0.044838676956451634
0.6837838172275641
0.013823422236758675
4.919688223280127e-06
0.0003022416051852498
0.0004479499252051367
7.417494955985137e-05
0.3604973697056695
3.9750251617403695e-05
0.00029306449164198493
0.00042118770389987334
9.274863906574423e-05
0.17961757725174995
0.16976985103001901
3.7614693722779875e-06
0.13923860884173236
6.166125080908646e-05
0.1207891653119954
0.0004889397675625822
0.593804688312214
2.123340466935033e-05
5.5922916883038885e-06
6.085725210291461e-05
0.0003691845506862333
0.16941324269622013
8.296124749175022e-05
0.22229400592220946
7.620711618744384e-06
2.847017778049808e-06
0.009588118472681498
0.0006157249949622953
0.00026124785090439115
6.124430927557279e-05
3.5522967906874444e-05
0.000487760301560628
7.787139635055925e-05
1.7851352579345256e-05
0.14889736815265467
0.0007389228623341445
0.2077294733535299
0.5424486647821609
0.17167516266508676
0.11183541762625472
3.263462513670681e-05
0.008690358760499348
4.496143919218766e-06
0.4413779963956122
0.1509122323992883
2.804896477258909e-05
0.0007390624539915506
0.003567103964898277
1.780070228348527e-05
0.2496366354002528
0.0003950905061247178
0.0006028807311488064
1.2479769510789452e-05
4.766052145392005e-05
0.14399494997930717
1.6093417140458843e-05
2.1569824489033675e-06
0.06027015691520448
1.9061650383829352e-05
0.3341682066389575
5.3281424747047925e-05
5.687618152103094e-06
0.2938551063907633
0.06912291937249145
0.4727039651552808
0.46399518271354073
0.10367272017573483
0.09350812672905123
9.092892052692581e-05
0.00020111844727780702
3.318776201426883e-05
0.04987641978364936
0.30898343439421583
4.9892238607095165e-05
0.10802175805010938
0.1178782235856574
0.00015138571366607388
2.1142469984624754e-05
1.125058035811386e-05
0.11682300391586975
0.34462725965524377
0.02966882528965885
0.2903934346881383
2.5361684331207332e-05
0.0003281273391299638
3.976385471805247e-06
8.15852635137231e-06
2.382017716638088e-05
0.3565666996844691
0.4858491843696302
0.45471826324563347
0.17072163113094488
0.25854610000356293
0.27661147800741104
0.0006411779274966104
0.035401896746901196
0.48567484812606915
2.9234112913680903e-05
6.167187011824035e-06
0.2200720057731396
0.08299822969939466
0.0005762064945379894
0.009273962074784158
0.00030290240751056703
0.00070484241154824
4.359593881513206e-05
0.9940436486925361
0.0006939283179319764
0.9774352856769734
1.166283593022934e-05
0.0001906242413361569
8.634048961544972e-06
5.388931066597579e-06
0.49551819482296605
0.00029246884735093155
0.00030104512308542445
0.367656952819122
0.02227000507498724
0.22028793812730132
0.15217310801595574
7.62444044752301e-06
0.3009641677027937
5.098093936713318e-06
0.49243995603182983
0.0701591477156134
0.24990629688598667
0.0008303458212603788
8.199018260121096e-05
0.04090174384499071
7.383322830146853e-05
0.5128336367278595
2.26168557840725e-06
0.3180763730427549
0.5828574831732347
0.0007241084481589896
0.1302330734073618
0.12197446332201776
0.2506873365034169
0.14911619711071059
0.0004984819641593351
1.9275294541791677e-05
1.2155601854161565e-05
0.6643265369182458
0.6397764141337059
0.009995048151814434
9.077942986147231e-05
0.6683201683439851
0.197969809157483
0.0003154788073292715
0.06270602332751572
0.08805708425328235
0.0038620764694957373
0.11134218985422327
0.0006785136275355349
0.23628327071443014
0.3430237754065325
1.681209918047178e-05
5.79357189636289e-06
0.06652356331261688
0.036502854003777674
2.427641220998539e-05
0.00043262181903021225
0.09940328625934787
0.6557220474352571
0.06304024542184376
0.13531149754555802
0.1082758447057236
0.000701950661886709
0.0002036634206168315
0.08245061046336605
6.641885384790544e-06
0.0020372304419764785
0.18189619377228006
0.19154654739827617
0.08463987139796163
0.0007162955320408881
0.1351923438737837
0.5369275575245869
0.0002785647398376842
0.3991230398341742
0.5168054792185379
0.4028669221337382
0.25396692629807616
0.6645670035894756
0.0005107548820046335
0.13844405055024064
1.511413868400044e-05
0.0006639400167310519
0.10650649597859428
0.041522896074857395
0.6632611016901403
0.1710821742204328
2.9357079681111763e-05
4.4505733562922986e-05
0.041472577731264636
6.596571178372378e-05
0.29128089497688436
0.019011477784342843
0.0005329871687741577
0.19786345477680353
0.00016982779113001924
0.4803180527219726
0.08274598662243164
2.1491451001944708e-05
0.22695848771194474
2.2579519334657498e-05
0.04548303926132069
0.0001327605885194028
0.0809561856827775
0.35640563762519006
0.62008323096074
0.3550254297848251
0.0005584665777238995
0.000487951121079283
0.783310518315735
3.3899669043202182e-06
0.11469375529035222
0.9476260491169296
4.942788186958874e-05
1.5178285258977834e-05
3.0228495384221643e-05
4.106031090379348e-06
0.04676122923732238
0.34191629558263764
0.0005354675947632286
0.14510195512445292
0.0005081522997778572
4.17604561909001e-06
0.4352326240118142
0.00026470725223891984
2.325817192989531e-05
0.0789880910512176
0.0003853019285426642
0.5819794222050932
0.4373085076225337
0.22556423999258912
0.017040575927598996
0.43996932738735045
0.30733823058411136
4.6953634874230494e-05
2.890234508634467e-05
0.8340007840468504
0.03292397775220695
0.19827123969164692
0.5769912284987082
0.7201075087544331
0.050350227774021004
3.697267397310339e-05
0.07478075319275919
0.11289522897537194
0.12944436719729763
8.678873866935725e-06
0.11070740985164246
0.04804333648598259
0.0006377652798811787
0.36661331654743856
0.21666193250000562
0.08979606037969477
0.1134013415544556
0.592139764003926
2.060808555272834e-05
0.0654368492597631
3.5387191177115063e-06
0.330875857150661
1.0074615000519613
0.030291234180592895
0.0003743006112728418
8.335720052758649e-05
0.4926678746024691
0.018808371704803664
0.1954326963565267
0.00010629566046195513
0.0005639904733023131
0.07229537068841337
0.24011169860985038
0.04236182758802331
0.03209102324116935
0.0006253247564585379
1.1037959582946573
6.59069114904128e-05
0.41743408628812395
0.04681923065437716
0.4475994813159572
0.24851414072791525
0.18452519336245976
0.319071341262049
0.0003780335975152227
0.3799135266754232
0.16215844804710824
0.3234994812586601
3.1394435877157594e-05
1.4935053464949748e-05
0.11593754725504254
0.520014565320876
0.00020927050391005155
0.0003910115556648991
0.000515125592981263
0.15025750304651883
0.10676884882460867
0.11167444314702536
3.308788109623131e-05
0.0007088494485981582
7.064540375988119e-05
1.4184472161724073e-05
2.7484375714534984e-05
0.00031939294923773187
0.0984251307176674
3.0350210328604836e-05
0.014105423759158171
0.1533042764459071
0.4738210766917447
7.1980418430375894e-06
0.14622517414908534
0.10357973061545542
0.9331346890493133
7.052045141366058e-05
2.0595587811630532e-05
0.2787570608129925
0.2682719340229703
7.856457237444209e-06
0.0006050981019210614
2.9461784780330928e-05
0.3015739169308791
0.00016950824283735137
0.42135543961320104
0.05950974492246729
0.01872722998346212
3.5778592483780457e-06
3.9066892460621065e-06
6.991057678833659e-06
0.3428087304777411
0.23619531059073737
0.2493434810437376
0.3482881754598446
1.2273460321768488e-05
0.19582649682538025
0.6734917798640857
1.137036068828738e-05
0.491737360089192
0.02152922005149011
0.1551519159414386
0.5399942155361221
0.15360342843589508
2.5890479660163342e-05
0.03901439025855055
4.242896871472981e-06
0.0002493338037348995
0.5795086713847775
0.11772504552623468
0.09271094586556167
0.2711783470467008
1.8086445554037085e-05
0.29880432747445534
0.18962264916227617
0.23289244797902342
0.0005976618225611172
0.1349064083068169
1.4396326260976556e-06
5.8165861074666854e-05
0.6086308090902071
3.6946670463505366e-06
8.058646326004551e-05
0.03261981251897892
0.0006179683829719003
6.441186230643949e-06
0.2643352124845781
0.052214324740748275
0.0005864286443779303
0.25029210620795833
0.00043268594872766146
0.015790073475839266
0.09468568608728709
0.22452242505212264
1.354894460288057e-05
0.11534527748751197
0.34685939761207096
0.03111862906902216
1.2208799785955554e-05
0.15670377230589994
0.07371547246123769
1.9372350341891934e-06
3.4504093288811662e-06
0.3577930665620772
0.0514673993136312
0.19277161553571323
7.331788065900296e-06
1.7327056769657557e-05
0.14047427246568434
0.000702502020640471
0.2726669152946785
0.0007445752596230888
0.0005161430173083816
0.3812982178070527
0.40141922849497963
0.3792029773121239
2.7827940439206655e-06
6.510678829939269e-05
9.103883129806265e-07
0.8224950519629187
0.0003026884619884947
0.24162304763036116
0.00010709780613525532
2.1307440846330094e-05
0.00040250957090132264
0.0001314303319212515
4.142299371529501e-05
1.0245582867955238e-05
0.000370937510730529
0.13257863874010092
0.010673086386143327
0.12047484498152275
4.752594782697925e-06
0.00013540056786658268
0.14168181387873452
0.20100914493671146
2.3879115757896595e-05
0.4907235759999936
0.04598689013402549
2.5466017430585634e-05
0.5306289305636642
0.12071375914479826
0.2535776217508841
0.017417162540110873
2.3832408550295602e-05
5.333126643949738e-06
1.3300146088188756e-05
0.003766041704992527
0.06102388498311537
0.0007034367330024062
5.91424361142872e-06
0.5961279876418777
7.24651750407755e-05
2.7172375004218196e-05
0.15453204693822484
1.3538321630227688e-06
0.034306757823308866
0.00014598981690859745
0.01869094478555326
1.2125129200535661e-05
4.595711474852593e-05
1.4638672487108918e-05
7.441552728719351e-05
0.3729827930741606
0.08695599566308922
3.855383562531511e-06
0.7378919363750158
0.3545885870542944
0.17664421311770334
0.15188161294039804
0.33586109350133203
0.5156506600176433
6.128963243544889e-06
0.25572185383226154
0.0004339291639318201
0.48064928992015515
0.2137811819748113
0.000976975396344783
0.3183720189259878
0.0002966025615367012
5.420829129894105e-05
1.72367537773009e-05
0.00010315939424146061
0.0005378477995028366
0.10836672771523319
3.664666001209337e-05
3.484756025463671e-05
1.4780726581496143e-05
0.00012033741564207756
0.25459369050446323
0.05005390957693918
4.74603269347287e-05
1.7073442327068044e-05
0.12644225704644532
0.03366950000020267
0.0579067606087471
0.20461801799719492
1.4493743664254715e-05
0.09008182436261274
0.0004448806245474858
0.24732969115377115
2.8864739451210224e-05
0.3268783377152544
8.112654718839708e-06
0.1168270785803598
0.2515151895801085
0.4256432886562391
0.000714055153542251
0.11155430816207872
0.00047474750477463564
0.1016614844761396
0.040101510976266797
0.10519193694996128
9.773693309916391e-05
8.129642851100386e-05
0.08104744160957887
0.6338819998787936
4.417577593451099e-05
0.117451398676222
0.16926013105859955
0.00010692184873424623
0.0005013719958188745
0.00014893779594447214
8.900723151135734e-05
1.5752301957617917e-05
0.8503798279582063
0.0006094503730358022
0.12555412005367625
0.0008178854151246477
0.3995530347040549
0.1489077106454213
0.09279548597275802
9.577469513837404e-06
0.040923386935731186
0.31149284524478404
0.00041402953677673103
1.7873148615384335e-05
0.42463272100319294
0.054652165763398444
4.253097745594763e-06
0.09751121495924193
6.631389375294508e-06
0.2867922542476014
4.55876473255427e-06
6.137948346198967e-06
1.548723997868867e-05
0.00034779247763610784
8.520803052088948e-06
0.14421955267159178
0.00025122734450634345
1.1736007083561142e-05
0.268807179177844
0.27954421494577736
0.4737701132770209
4.295550064723999e-06
0.4131498099271906
0.0006264797570147432
0.15678204889046377
0.092373939029664
2.864029481126136e-05
0.6529495568641367
2.7312937056887957e-06
2.442571827561599e-05
3.205405136845988e-05
2.0451802186953926e-05
0.15067390843244083
0.05368588419522198
0.09539247532434161
0.5508838835354969
4.918454291652109e-05
5.4840731816688695e-06
0.19123481490319688
0.00011774894517620716
0.8911096586670645
0.0005372038140979222
7.769739108686497e-06
0.07078428388383776
4.5775101588637004e-06
1.2510912458037283e-05
2.2687493282454293e-05
0.0005531242421406946
0.22673948453193624
0.2127620303345389
0.00014835931575654174
0.44667734888602584
0.0006624851432810304
0.0005728319176496556
1.0986686492664797e-05
0.000597420646823163
0.00045759097943683254
0.00012206185397865805
0.0362462049124088
0.23995568837816308
0.0009651404107966347
0.22382356735211228
0.10582702215083384
0.00032900475088977244
0.4854507213530178
1.122091220174494e-05
0.06296399729841855
0.12338796785805138
0.09329265656951094
0.00017430098935085784
6.387074747189972e-05
0.2475019042682917
0.1519629947428871
0.6057198619027917
0.00030479984953799645
0.19646814935181142
0.23014488358802307
0.0006785744658112723
0.007488407447304888
0.3401946027514175
0.008463908201277603
1.1778670471799822e-05
0.0312838089498473
4.661515978560945e-05
0.0005535603001311965
0.03636125642203993
0.04595028643899245
0.374815943688982
0.0006683882668570031
1.758939918227747e-05
0.10235724970379424
0.10681613714619922
1.9517560365372085e-06
0.039702278688601274
0.12521649662701273
0.03893761638623018
0.34576506203382845
0.09506575505227698
0.0006406232647641246
0.00012023546638519726
0.5667384948661045
0.048335796383002345
2.3015636009983966e-05
0.647233921143582
0.28645692781861454
1.1797768118103554e-05
0.019713198844626398
0.25118718843727084
0.034835266801374276
0.09493845396845282
0.029642390151130633
0.14304275330051217
2.0623162172460626e-05
0.19745216071481855
0.2057895149509443
0.3056722884247444
0.0003700851823723113
0.0073576059122290385
0.512671296377931
1.5535868744232306e-05
4.39579441438968e-05
6.301555194947e-05
0.29267653866244897
0.2729260732681668
0.11069731130361508
0.00025895513642924535
0.11828671741114537
0.3630229530435036
7.447116730021973e-06
0.00042315653891562697
0.6702334897974276
0.0708870647325905
0.893271336799119
0.02968828657867271
0.5421843060895094
6.537092821127404e-05
0.00011036047964445566
0.00035748733131614566
0.25745826376158143
0.11506471141814682
0.40853792152314783
0.0004001580682493169
3.796561328238165e-06
0.33296467563860827
5.488397310635189e-05
0.16365633059180296
1.686178960512791e-06
1.4708543507966323e-05
0.6580515812767196
1.6704634320248313e-05
0.00017619940140824734
0.06671902129341874
0.1293873715479541
0.06601071228914551
0.10569402942119473
0.049492158152185294
0.3515478386146019
0.1528747944191585
0.9065626983745969
0.6903998124780517
0.24262819101642893
0.06768927000738681
7.568681028290565e-05
0.0008755667029972633
0.03406647458866475
3.447498796393717e-05
0.340143732020296
3.5798202224000358e-06
0.21622613689094602
0.18768996310123995
2.9337012259924504e-05
0.39363595471333196
2.701137427221615e-06
0.10700003999200951
1.6329290662677414e-05
0.09040538355323575
1.1961139085704403e-05
0.0004265394997729606
0.040463140080353115
0.45179480357835317
0.00018492721853636447
0.1644587959076626
0.7356752491827027
2.785458515216225e-05
0.37237686828256356
0.08197540446483499
0.20321923536932798
0.37547797067972566
0.40818426818952114
0.0008918105321189271
0.0005838739756607635
0.01433018455661554
7.743122779243973e-05
0.18369522458250104
0.20391632060417733
0.12853535515537842
0.0009678221181999351
0.0003250243355476563
0.35589713362044567
0.014599609699581169
0.00057923108413851
9.780041611482685e-06
5.474821208574039e-06
3.4311410665062696e-05
5.218989860129998e-05
0.02444997371690571
0.014522278221832347
0.00010622397033507817
0.00021264154407514468
1.1667177062957453e-05
2.089802231179036e-05
0.22748207714376828
0.14726984197862616
0.04474319501622016
0.1615086907363995
0.20333055458564564
0.22616495581145427
0.3416314334743198
0.20648344849191788
0.2011783054543858
0.4853016813919643
1.089232062687407e-05
0.10094767061063392
0.4648629197183326
0.568232818131751
0.23867988427068781
0.008353696595864272
0.24243085254546737
0.17262567014028973
0.11543585452387138
3.187414243219746e-06
6.384099463803776e-05
2.712860704734927e-05
2.9128834913797125e-05
0.0006338343671771213
0.0942194468040052
0.22006584235738
0.0004959229028582741
1.9633690080509286e-06
0.03319340741404107
0.08260817701897237
1.9807472292206475e-06
4.954927317246037e-05
0.252298390550413
0.00014882838231173893
0.31863908063679636
0.15132440614978016
4.605469145628988e-06
0.7439111036153147
4.347209055891005e-06
0.0005118058370531541
0.13626676270366495
0.1670133610413753
6.693954359257152e-06
0.3202043006779095
8.174922628406223e-05
0.5008539978173154
0.3569119009218202
0.22547207166725344
6.50853516396973e-05
0.0004660621519095451
0.25221204089518245
0.0006194738057682747
1.632275720401052e-05
1.531463395504563e-05
0.09319397195042399
0.0005674254879231357
0.15439386494088364
0.5898284093213656
1.19007534230656e-05
2.9819283636158014e-05
0.00064882477729498
0.5475037594120843
0.057968615536048894
2.9851789540839384e-05
5.2511712002074235e-05
5.1748320831770046e-05
0.44586585619222147
0.10855378417803707
0.3639674528476374
7.953906328206034e-06
3.248856252517691e-05
2.2195859765651655e-05
0.00034966881999220714
4.951403701772304e-05
0.0007235999046833092
7.576161867879765e-05
0.22000867562656834
0.5896583437173456
0.0005792299976633087
0.000335123846749179
0.0020384222213751906
0.035672780052791314
0.07341666258605861
0.22049668046035378
1.4313805354842209e-05
0.0004957047533346319
4.1029115400804096e-05
0.16980142522269367
2.042671283223563e-05
0.0007281910222842834
0.31106875663772793
2.6068426404525806e-06
9.947040779272744e-05
0.0005524557849033369
1.8102731527525137e-05
0.012392457488053116
0.0009564125028435885
0.0005801163857274633
0.45045257286108537
0.0004985500117941466
1.3039342028488556e-05
3.5792789150544796e-05
0.0006536788625630343
0.0007006729371262442
2.982741157936515e-05
6.620630781509004e-05
0.00018994471572086506
7.376122422620974e-05
0.0002826283768927747
0.0005925912865363208
0.3834647857382758
0.0007432842681145387
2.388333088872172e-05
4.281972812988958e-05
0.4914010631261782
0.00042856049058605873
0.00042106882782706593
0.01952960351848117
0.03165192272501004
0.0012223434385607308
5.486111512558358e-05
