9.510191776672574e-06
0.2673126940535427
0.037070802426826865
0.3689378996575708
0.14724722744997434
0.2878423504668273
0.133232410285738
0.17379263992135555
0.15630723458760803
8.12685987790296e-06
0.13517999514534132
0.5001591560741139
0.22740588577853632
7.417180981950897e-06
0.048665726665687865
2.0660487779736147e-05
8.88883265150726e-06
0.16831774661360083
0.9178333653080688
0.009441142425029544
0.7608798015562197
0.0061834128130514926
0.06802826015217908
2.539041188294752e-05
0.4464148080623677
0.10915123438071601
0.30803367227584283
0.19401333192256037
0.13383531587597253
0.20996325312836792
0.25964651143305917
2.2865278932164776e-05
5.121204359473988e-05
1.1561836265776721e-05
0.05400579972167606
0.7794598057870306
0.1862700428217541
0.10471623242923979
0.09715526523174357
0.039149713981654455
0.14960837242796118
0.08116657010378522
0.11142199314205183
0.20796531317485636
0.18160715446250264
0.21131314184237102
0.08433900062380628
0.03760709499580728
1.6303463231935357e-06
0.07959153340570183
2.0700045321659066e-05
0.0509025584217022
0.1345897876730935
0.0318779878396475
0.0046674140348813035
0.16016992152704554
0.16211108517631728
0.15779955701109694
0.2401157232083544
1.179006077960936e-05
0.33362896703720585
2.9617891629649137e-06
0.1440275043639943
1.3300042864586593e-05
0.13492610150428824
0.7321470732715846
0.655906985005344
0.001499634560502743
0.3289126423432476
0.40080404821622584
0.7087591689215814
3.0980507100049714e-05
2.7012366194424735e-06
1.5510882904725725e-05
2.1817243390398813e-05
0.3975823787908946
0.018048755666743983
0.24607783013377252
0.022701518137381436
0.18313146220935725
0.2409911084613429
0.044972585458768886
0.3254813688455892
0.23873547927934882
7.387343511966005e-07
0.13823137092470736
0.35418279296913185
0.5699096094537461
0.02166536045041463
0.19423433846886923
0.3404900599415891
4.919890912872656e-06
0.18910523328844783
0.4054376535469139
5.929404987010993e-06
0.10317471886821945
0.1359808713011466
0.27727451444200324
4.753176702331453e-06
0.04216114020573355
0.1797717843402153
0.4255607335360043
0.15755395833631325
0.03110587600352414
0.21741173213180645
0.4463743512057199
0.2998855529681286
0.270815828963247
0.49151968257047524
0.3865770033572821
0.04582118687856323
0.03614189837860702
0.20470775216772372
0.3428537236605544
0.11479202247198268
0.13850854348773453
0.023113141341654715
1.8030594326913216e-05
0.5135311551797618
2.1580975356406675e-06
0.036459780586500616
0.022745953514455304
0.16766944684334015
0.08896837534763821
0.17545567279182506
0.047965989896472355
0.03535790113267357
0.3126529002460216
0.15787955955015837
0.07853846526065845
0.18505686074066913
0.44845390647173
4.4828053414711766e-05
1.0898055605758277e-05
0.5429924611121903
3.8869508681480276e-05
0.13516353620775068
4.063823081708123e-06
7.1102634682944155e-06
0.3749202959554572
0.18633291921452722
0.0006298784555871912
0.18182216449143085
0.3695319431474443
0.578452803339932
0.15735626435385153
0.3742507558017444
1.6940069652113098e-05
0.28197209093100967
0.24760391467544068
2.15707547915399e-05
0.21338024808494338
1.1989301302365683e-05
0.3205908259741124
0.18403237612890613
0.43147660869558246
0.02518819382776154
0.15947595737496503
0.17086655661811992
0.17271414388225806
0.7615273343456344
0.24951672954427115
0.11411574741046746
0.1901303042673317
0.32004024442473883
0.11356284342501652
0.0846031818925674
0.02796106051602271
1.4344642256103484e-05
4.220372758238002e-05
0.09727809615087889
0.09501514232100144
0.034620843812765485
0.2397794176319848
0.4432765596686213
0.2927007255027636
0.0428382152592262
0.307244308375278
0.041396219191910326
0.49321921812105923
0.01465762388838584
2.1624980819792648e-05
0.08055895120741106
0.3093978982797545
0.19085176541632606
0.04250582990905366
0.21287862302353566
5.9548466388124484e-05
0.4101046844026744
0.22890078835789887
2.175329691495749e-05
0.33713441645052816
0.3616069232651346
0.10019772339680741
0.1618540801688055
0.14976396865668115
0.4880393083995112
0.26392266214780924
0.03196225935235373
0.3143729121274596
2.4610739776060648e-06
4.806745346729882e-06
0.14910724053987617
0.08891779195298559
0.29443563675562245
0.3637191692362869
0.45908894598689126
0.6712722380469937
0.3678844148279218
0.3274441968764552
0.11217415465710324
0.22988697864718965
0.003985930520487092
6.30756648695554e-05
0.20193856134483487
0.5801651583586613
0.019950172811472242
0.4156763516739067
0.22086383123793235
0.31306135510237004
0.3567873422176078
0.16278647679494598
0.20336747483058376
0.3818567369692626
0.5389603499627699
4.796979292722093e-06
0.09452962167909662
0.03009697477888736
1.2893162323622354e-05
0.26706845431905474
0.022206417502711795
0.3009702651973745
0.08262153918684184
0.06557852790033986
9.463039773509946e-06
0.261361611945356
5.0443685870276695e-05
2.729632786657128e-05
0.040061753634153444
0.22630439155322324
0.09913629074397777
0.0852333924501847
1.017692740555932e-05
0.22689064848904883
0.0457965700825704
9.615909299644103e-08
3.3447922188900424e-06
0.5152828184439688
0.02152183250250014
0.3059155829712138
1.4071222185418325e-05
0.12177938967818042
4.762914132964312e-07
1.3931173293075708e-05
4.192446804531493e-06
0.0746682359567753
0.20001250451626587
0.2592673012041751
2.3641045434296257e-06
0.00220530672780916
6.622937883829542e-06
0.2663718250127335
0.04467907634478331
0.21983675490366925
0.3942841784253099
6.337679764462873e-05
0.5575360207806845
1.0781493238104049e-05
0.6899426707386312
0.25394106079289896
0.9478655160000082
0.16174910305403897
0.1942526655448059
1.930079039567474e-05
0.14174952758335121
0.2606255529837097
0.20201978747929147
0.1681655355406901
3.3313631201208983e-06
0.2627967051275676
0.3712195306941152
0.1987015580523933
0.550053906576338
0.33847669227038396
0.4978866935285311
4.2208751344445435e-06
0.17355326545924674
0.11595589438533158
0.8199697493306767
0.2185761856144463
0.114026478518554
0.10425040853271798
0.01631132696546415
0.3939412058754089
0.2836289643821553
0.4605762424728435
6.567739746846901e-06
2.840740606303043e-06
0.345766648081422
0.534890818377448
0.5015038745529631
0.07220716615754097
1.2327317486529936e-06
0.1696925927554499
0.3322892867033312
0.7601785481170146
0.17739826801142897
0.5367170454806118
0.014326884576667583
0.7002747918819674
0.1953567176466403
0.09961462360077908
0.1496718811819866
0.5349372299196031
2.4134213698867795e-05
0.34894494042271745
2.182629526438611e-06
0.36750349170699537
0.30390865156125796
0.04585796705409388
0.13347003392479578
0.2783264941844235
0.06439078307553983
1.1721742848565031e-05
0.025785355690326472
0.14993243675336726
0.443756207775836
0.5080013931699064
0.0921268627639644
0.2850873371267845
0.48025559199236095
0.16940866543187058
5.448851708437814e-06
0.7233933155093103
0.36718786528172587
0.06183781121813926
0.0010192193049231033
1.1452577463963237e-05
0.215861957553738
0.013842478348312589
1.543666486643451e-05
9.480334378880254e-06
0.46330892431704235
0.4807725173720758
0.48028833000356796
0.16862692365562185
0.01808121988203185
0.029132508261429074
0.3534284874825182
0.22433704036606053
0.1977499265232918
0.13164955918787552
0.17844667107738715
0.5424866203126845
0.10898927924656299
0.28884648605251423
0.02308995610240281
0.2587171300783129
0.25509164252808453
0.35542019466050057
0.055704204130157
0.25985062740423226
0.5118954664473351
0.8809842640086161
0.07394880114852788
0.1446601039094023
0.3453061601973732
0.19098575358676975
0.05313771199232608
0.283842347632966
0.11824812251957494
0.03248312826595115
0.47461422039020185
1.551807785361623e-06
0.019715240648335585
0.2705815574436872
0.012529858818398593
0.24410647538842142
1.4663291199271548e-06
0.6466050829236876
0.41500866152274607
0.3598106137841342
0.40742412270614003
0.13457030944561282
0.19300384745746824
5.563246200942281e-07
0.12950449451347223
0.3992829926548031
0.2826050925504498
0.08233323542784261
0.5078505759811486
0.000312519642212482
0.3508302381661044
0.1456991538663987
0.019465999874340324
4.593831263765841e-06
0.07807951723742951
0.461587952825889
0.08678001364025861
0.1398722941533328
0.1595847347659837
0.004044329151345068
0.06291980175325612
0.17912527774078568
3.334738291483559e-05
0.11635775380142054
1.7869220556641152e-05
0.016856027370257168
0.22268014674406306
0.19268515968324237
0.3225647078384304
0.4096241233048229
0.3735367773059806
0.015138579099546606
0.006417908994497228
0.24240868809146363
0.18300679350765373
0.1368352657211477
0.28185140450477175
0.27660277701482777
0.04349442530917507
7.649557369622707e-05
0.18582057755807782
2.2118460168783375e-05
0.15084341294481562
0.4016296304149225
9.347579485074252e-06
0.010635925495044628
0.09722568105540812
0.5000596032646959
2.7369843310121234e-06
0.026413279558782084
0.28192474033915177
0.8704000056714658
0.1980329901723913
0.9633921333716542
0.7380260809879228
0.7210810353523255
0.3442558973564118
3.980897299340351e-06
0.14177977616236526
0.3928088011976712
0.07974948727181601
0.34565274644571764
0.11289981210157353
6.3227898538934234e-06
0.2912435811300418
0.11904962866659058
0.057092156368865846
0.32161834649331655
0.37444826590016567
0.2223009231765487
0.002860804992788582
0.5095228572317843
0.39628624785344246
0.6725465987391134
0.4491039220732275
0.08468013343840068
0.20344620125014182
0.6354135752287592
0.1760649371412083
0.00466498489744796
0.10611948378699922
0.4217658670179092
2.5629953305035167e-06
1.679699707811485e-05
0.01956983505881483
0.14207820527250742
0.20971576957751434
0.17800428370160493
0.02927954633458164
0.1304092104639849
0.01583521701797377
0.007955713454652775
0.09893529401993024
0.18495587638475602
0.06213182420486029
0.17470708902407056
0.0701348493113844
0.03707334958975489
2.1592446481618437e-05
0.5880858400830696
0.021198376695157388
0.1874896887977263
0.06732525700764082
0.7710660508152783
0.022606483436559875
1.7775012080317397e-06
3.641132706290409e-06
0.044055040966682245
0.25067828430348593
0.4720789170147896
0.0928553934874744
0.06683921220901812
0.7288998048638324
0.5611151274440834
0.050779467399004005
1.516842146828532e-05
0.04547548173602107
0.7322545998844661
0.010125941852992742
0.7576083543691347
0.05287928757646524
0.16641600089383612
0.3062865907659466
0.410321140347231
0.797212698132387
0.27586610567647807
0.04613255325021861
0.26142702484018643
0.20163802448424417
0.08333200425188898
0.7694831509158191
0.10006352752925411
0.37807940293940423
0.12923873094033692
0.12352579295159799
7.933133391539208e-06
0.08269840119800832
0.1905558391003448
2.1300757469917918e-05
0.16903420568857044
0.535746870396229
0.15470057686842342
0.03211298597510671
6.439372337852628e-07
0.05743236334838961
0.2668403876833008
5.459570535319069e-06
0.13951560576397282
1.4005539823728752e-05
0.40579541209512426
0.10048678205935753
4.388966760163732e-06
0.4277480529362924
0.730652482862389
0.011585017681172921
7.779148153371693e-06
2.900449061254909e-06
0.9262677375597386
0.10928152230156837
0.21222887276111863
7.658518099876085e-06
0.1560016244780748
0.08106145835842848
0.2795346905537641
0.22782353467249816
0.12408774887173318
0.05924342848027526
0.150165574702391
0.21160848335069654
7.120015486146389e-06
0.2649534544366543
0.30563378176481315
0.13126017599458015
0.8760908794173976
0.5184275223126367
0.3886025173523109
0.2176797205564124
0.08285358534590201
5.181748871398954e-06
0.016062002881907417
0.5589768064385059
0.7430767894714138
1.6457324663206487e-05
6.811451425341414e-06
0.3210745770569965
0.10611819182993992
0.060972458363623784
0.4264435820097498
0.15958976422948604
0.6676785583236475
2.1643671996061843e-06
0.0219321497065029
0.033284090272323597
0.1428711485674942
0.08788587431855699
0.43914510273346274
9.888103688337516e-07
0.13983268320342093
0.46301243318114393
0.16647372325012685
0.6353056242292645
0.04298717857940293
0.08624984772957321
0.5561396195223638
0.032990724350769766
0.22084559699239276
0.05242674240678307
0.04015672084086506
0.05775065789971975
1.911370161107385e-06
0.23602559305009943
0.09641088131034309
0.19278654846906276
0.817310905015201
0.024480382760805244
0.21629811697986082
0.9430394435291214
0.1129468167316962
5.643429517658526e-05
0.42410243257247654
0.12014480645757755
0.6643857725980983
0.058593781550590765
6.379017218528178e-06
1.0347080051070691e-05
0.25206871627370553
0.11519010757097355
5.8665705922998396e-05
5.443555508521123e-06
0.24302995100104566
0.28600105784873764
0.3155877051238281
0.45572312304234086
0.15477910173701057
0.15414153944804485
0.2967434708671992
0.21392544081719392
0.2589565360674235
2.0019676264988845e-05
0.5158692279684778
0.014665233053992041
0.3100662284617249
0.17225457757350068
0.06806116423932213
0.07391404234227708
0.23641084930167444
2.9885119022092993e-05
0.4383027735142995
4.3926048686887635e-06
2.1595121494033986e-05
0.2786689486552712
0.11576957572282649
0.2631316771840204
0.37670588536751337
0.17116700740580015
0.22369128021875037
0.22297191062716856
1.1638947530479017e-05
0.05749889604956541
0.21449365711904517
0.01643596841329396
0.09148521902398209
0.7062799328733583
0.2136729184246425
0.13052710525375077
0.38987048466303187
0.18810536950925968
1.5162919731235476e-06
0.4610525467487934
3.672171244182828e-06
0.052830318698582714
0.05146744641562993
0.06169336871760414
0.8143943021282743
0.198282925186088
0.1864278917452427
2.642078885035643e-05
0.3057742190710641
1.0087304799175936
0.10631063397385512
0.13087242997849016
0.14007560749321704
0.025165491149191217
0.7451367312626966
0.5635760699933777
4.671324425505729e-06
0.36812848658099767
0.13262542046180836
0.588142921447573
0.41895915410751716
0.09600326733460236
0.16785243008367645
0.003213789250747283
0.09188867429440234
0.34310733701549234
0.35506966699906384
0.09671568339116306
0.12793876252194775
0.24574227437958826
0.07440511442501713
0.15244247559251664
0.1492853085491125
0.035365248766463936
0.13626225901484434
0.11360959730707046
0.07032297448926339
0.04357380701782547
0.6128447499032564
0.0461824529203799
0.05818032720090166
1.362301333130369e-05
0.3822705997277289
0.41773364932062684
1.9294482600453383e-05
0.3374207531418193
0.5311473892454613
0.010712650555466373
0.06104318658455337
0.1644147506435552
0.22680782390872517
0.38326507573282736
0.45886896441158126
0.024315466594663295
0.26491038767325653
0.04122855144476584
0.407164892299331
0.2362617643347441
0.10609993251385788
0.49813883228618117
0.09887922350805266
7.93924598707649e-06
1.0408086699202377e-05
0.22827933033404943
0.03172711294767759
0.24393948064175167
0.1467522657671194
1.3435998511282917e-05
0.03225796125420292
0.6552540596437986
0.5758400592772642
1.0513867339780681e-05
0.0764622857779622
0.05471414794178059
0.1426131379559057
0.039248066895352915
0.038456941224819685
0.014183080526520415
0.4697134182168474
0.14242828553802872
0.30807491002528076
0.04521250381914748
0.15306860242477976
2.9623214529508718e-05
0.06668544596805445
0.04732426088644386
0.10674558754880922
0.6665935243309429
0.07512392836216525
4.4801820153680515e-06
0.12551339234995149
0.5045020732716528
0.36136037427532813
0.3981818211006693
0.22002742951150522
0.5076469353716323
0.040995984141867774
0.3037134114554215
0.42116150862185664
0.2899768714969595
2.8703093993617617e-05
0.4808258171580966
0.4148272497451985
0.6313931704556607
0.21550355183493444
0.7829879639802233
0.27397566563403325
0.024481434965030264
0.004084088231239884
0.20137709484751487
0.3511456148745113
0.129593976974743
0.2447734367013809
0.22607480729779497
0.23951701820333227
1.4664831608459748e-06
8.575861270214439e-06
0.6003649444473604
0.47485102306866184
0.07364900374708945
0.26314132176925337
0.09677391092596757
0.21197986234106944
0.13805891604455223
1.6645144443492178e-05
2.0408371010600702e-05
0.08927218838828573
0.5113687924008989
6.76274515479492e-06
0.35856735399979084
0.08282520829599808
0.005176328961193379
0.03843448531346545
0.022637092819490987
0.1899067187833052
0.6825282125902228
3.126162394496314e-05
0.07277238314533445
0.05109207047306145
7.145616623653359e-06
0.7006584374567684
0.21733338854290474
0.6050476444329457
0.29094613075648107
0.5839560476653887
0.06838257268142807
0.335724190329797
0.23409414145506066
1.197566402333826e-06
0.04021005449265772
0.22310813503860127
0.14082644279729284
0.018807172270929956
0.05615166568746303
4.57197017704057e-06
0.13930963319159273
0.48407055884086025
0.729927023642351
0.22586151964734696
0.29496227655340596
0.23530409423577692
0.19420663730763607
7.383413278298733e-06
0.111563920779016
0.1567208605001746
0.6208011175964322
0.032036075206156506
0.1247158184402619
0.2646940187865828
1.3560800794341727e-05
0.13631711000430646
0.3479036456577769
0.3014034182886311
0.2790105258303543
0.5645258056852098
0.2187743801562206
0.32323963128965433
0.07708827162607604
0.05640339909691151
0.6206808930671577
0.3239053584975441
0.22398824782570806
0.0500355635922011
1.0959788114798266
0.059979764572478875
0.5050547914703559
0.2764005335910009
0.1174308176309744
0.007827171647163879
0.34694420418792976
7.034087257093474e-06
6.4438722407785185e-06
0.07275474677168155
1.1894865209842263e-05
0.41220200564749077
0.36417065205065213
0.37046390068548546
2.7235708380789712e-05
0.34992283523630263
0.13783741631220983
0.0732195109769066
0.4105850089808232
0.16558039437662847
0.7075534156890049
0.5325406145312983
0.0747420164864591
0.816961532684996
0.3848575483196668
0.159975745497233
0.07793166805019645
6.369287568673886e-06
0.40405454674886326
0.2644838625932893
0.029718648402377992
0.6563267832532858
0.28835938037389885
0.8328601062714888
0.21573724319313323
0.03579646672261846
0.5372470979070604
0.056837602749608265
0.05990530018070128
0.009285945207849106
0.12055212210284136
0.47563857785370245
0.0001956801209719169
0.1967900813745946
0.04029301577964972
0.19422291367806963
0.5098630876669866
0.02236094551354774
0.048017814413417965
0.5908102561599383
0.5772311684640559
0.10692956012830052
0.20354271804808066
0.175582350227116
0.2906445515246552
0.10235626792669189
1.7507535549533174e-05
0.03675881045144023
0.17438072623013967
0.2343023204231225
0.0598973380603795
0.05336617123818363
0.5841517612274003
0.053443742749749196
0.10320764554823733
1.0624235465119601e-06
0.09206740593131398
1.4891339355322445e-05
3.3876547421662944e-05
0.4389365652817121
0.031471293413302265
0.33581268074325177
6.070383271886003e-05
0.42093524079813743
0.42286216177926467
0.026145996730972062
0.24854754727194153
1.5896805112491956e-05
0.04431594016295903
0.36615133847635695
0.8137955048932232
0.1319386802268552
1.6141309974765145e-06
0.22185255789831482
0.5061691827983138
0.4127792151217603
0.3824300700641719
0.09734657328583607
0.035579223221326665
0.04776530847503276
7.725323312955618e-06
0.3567093204577994
0.4949194913061669
0.022839449980423625
4.200719406720425e-06
0.002895028691464442
0.29296805439061563
0.2548257023540709
0.14225389737680083
0.16695658328572435
1.311715487734582e-05
0.1306838684599747
0.7878401533471661
0.11572933704604946
0.20449300659125613
0.2592021202079948
0.06450191412362356
5.7554948550863464e-05
0.06760080881705843
3.960317033551238e-06
0.973994910710133
0.07654780958039445
0.6200244834545061
2.066210862349037e-06
0.45944668035110153
2.952832409591061e-06
0.5333948977073798
0.13161236547005692
0.15056523664340885
0.09393834842045563
0.31276636441551964
0.08001822322994484
2.9112399892572566e-05
6.0839458103778684e-06
0.013800001297137763
0.16431977151851626
0.2728376968381776
0.24820691896004304
0.23908468809994698
0.005597660885082834
0.08535484841563305
0.1529401193820064
0.7436427076951847
0.2256220747534639
0.4711358791838811
0.32560138586357384
0.504129352536818
0.0531603344213552
0.07150606954882005
0.2112656029853915
2.573659049795278e-06
6.411914430398548e-06
0.08854081677810244
0.03489686071366211
0.5650811128806623
1.8189518023040667e-05
0.06088119677435099
0.0995116781404499
0.065495196639703
0.1254176364828243
0.00019689231118833126
0.5150143006072765
0.6012832088586038
0.22082654895457193
0.06854005792896715
0.962668429860492
2.356352354978976e-05
0.13007748021979387
0.04407287380523941
0.01216820712191318
0.041789572601954914
0.4129633803093804
8.276142103757887e-06
0.11987048220899632
0.3702279541589815
0.08440530860724532
0.06172410924748017
3.321571957960709e-05
5.936935534356685e-05
0.038027450260093104
0.07031774479993357
8.972741662696425e-06
0.187075045093824
0.47831104093955196
0.020266439174056846
0.33637918797685346
0.5918553862514488
0.06532901151797456
0.057553046189915975
0.5425743913612601
0.028165871410167555
0.5776260723952339
0.2057767949567997
4.085274183963008e-06
0.1267315367192196
0.09466998135820717
0.354154405199452
0.16115284141075478
0.524824211453511
0.12566097003137022
0.10064882734536201
0.3695379682692829
0.7629243312009863
8.040980871163008e-06
0.24220210729937555
0.23450119657093146
0.3830529962266255
0.2597054598113824
0.2581992883918546
9.185056394631731e-06
0.19927856106912753
0.43863048564595963
0.15287286118407808
0.4073410607527061
0.2964500509863455
0.37720187445254055
0.06116499410001428
0.31629446649813964
1.1176963083479537e-05
0.18004117436005618
0.4413554964826202
2.604211651758607e-05
1.0999686337908632e-05
0.33316931763765567
0.19344044025381574
0.046012827805721995
0.6482651870104763
0.6301643657890473
0.38444229755850706
4.655586201501282e-06
2.4837641157639956e-05
0.14657006864847516
1.9938146533671405e-06
0.11369575526856097
0.3048589530099436
0.15713806988012252
1.6185525467188206e-06
0.09810292274156177
0.06459997935378557
0.17808709297300881
0.23307878017872977
0.4784166045748763
0.0056029487610909975
0.31179101639452483
0.035014694374379395
3.8084086106852154e-05
0.4880447718263251
0.036847084293606024
0.08845643801709155
0.1438929037027356
0.25137009657668763
0.4681596109507677
3.1711503286182765e-06
0.14935009599773014
0.12314458987129252
0.18053825219442352
7.625903998864544e-06
1.8288044892080186e-06
6.238937347297561e-05
0.0509852895191261
0.03039109984111697
0.3682943028763682
0.39048728332375143
0.24897412900024649
0.26175782096436606
0.09601982230569223
0.0459016470526555
0.07550145052361575
0.23596945180259327
0.1947138054700144
0.0076734500636348
0.06893469486362018
0.25080027482471035
0.05041059550553427
0.111111338997479
0.4165565793096825
0.5356976441608226
0.3734373335068042
1.4317688707875026e-05
0.12254131869637264
0.025484792574281667
0.15295166323285847
1.844820594182743e-05
0.4292067335440971
0.0380488382897359
0.008020605605987365
0.09085225602165516
0.3158804176730803
0.08558620227960098
0.19522990779850194
0.14224297774244776
1.4677625012871474e-05
0.06327033486681159
2.9338042691650622e-05
0.06490301015390791
0.0336980510098101
0.3426403730072304
0.3184220102968656
0.01037748343635314
0.11056956460392531
0.18168610531586643
0.5104938978173784
0.028038006959090603
0.35469188707240124
0.5754248782456333
0.35855108977672534
3.768153920287192e-05
0.10008655508487256
0.22926235264389583
6.560525886649475e-05
0.32345376182885194
5.255012176879361e-06
0.13724651671824076
0.06543707435405145
0.12483058277584948
0.33316662753194926
0.3168992735503432
0.06552756088076515
0.07281340349440951
0.0890313080348667
0.2620498168900699
0.1279007931495953
2.4305698026583157e-06
0.09486883170590975
0.061524051416711245
0.3349032129656467
0.009418554313887639
0.492585667508328
0.9314283501701188
0.10201554489368801
0.5552589464421346
0.20047095330365325
0.10704702233320616
9.476760250660588e-06
0.2750040599015916
0.37632694820260537
0.3788707753738392
0.20445069504959085
0.22165414996065777
0.23560513887133908
1.6981921658385274e-05
0.3124855086154469
0.3465864386847517
0.6777727641461435
0.3793621644313966
0.344519343411659
0.10653186035274873
0.2812717756453525
0.04298790630591012
8.18661097642833e-07
0.3082396818555536
0.786223426888242
0.35260486771298355
8.17888760406575e-06
0.37407818602020004
0.11802248951396156
0.278060867383184
0.23572674583919323
0.2560534665847405
0.2986048907678149
0.05528111033491931
0.14792553773513234
0.5251872781752763
0.09327431225071663
5.477196911953448e-06
0.021982073067593824
5.924777387221884e-06
0.21096054040057105
0.13950498485513627
0.2156037879514232
0.1928976849873469
0.49190952177062286
0.145868764909105
0.05503702177713829
0.37900807686035326
7.764771918928507e-06
0.07096180523994058
0.044116703233723784
4.04615154563576e-06
0.024496465633258566
0.30138541303532784
0.07057595102466224
0.336581130654788
0.1393515786726126
0.5715970122667816
0.2321908898307667
0.2214979463333346
0.4359715993962416
7.4322302983864674e-06
0.20507076623635775
0.011864502485197848
1.0733996559191716
1.4564326882686329e-05
0.9793381673565964
0.19537811671072572
6.886895428199891e-06
0.07672743372786323
0.030744429373085462
0.1171611362159374
0.2185353579169664
5.330267420926645e-06
0.6615192448733243
0.06949466544504018
0.6628369646548585
0.278816226963156
0.20550329358221683
0.46180429819537877
0.2747276306111618
0.30529928662074457
0.2675923205945581
0.08083169216489568
9.05110292049007e-06
0.019313778540554702
0.0659488371399069
0.24498676602140645
0.14831552686808547
0.03404371554631597
0.37862983473529077
0.22723504639799738
0.131707808111535
0.1538630276725596
0.35755403878858727
0.34791024306616125
0.41258043079094797
0.05808456526176172
0.6081551770367839
0.264966059124888
1.465150770429392e-05
0.2790640644817027
0.26770833289721946
0.4612260891924056
2.1475990987454956e-06
6.311623917096292e-06
0.04849349434771821
0.052671231866865814
0.1213856897307089
0.014793615111004788
0.047348232281273044
0.07808306182544592
0.34435548255502285
0.37329995208682726
0.6185632514807262
0.006545759922283591
4.676925686719952e-05
0.4835207646479632
0.23479802272835945
0.13738416545408144
0.19920597106864765
4.865475859981206e-07
0.018727636345560558
0.25178290764734035
0.5653777828274031
0.8676490520220731
0.2034107050802885
0.004462406983752004
0.29397584138517113
0.2591823298860624
0.3900259337276618
0.4374474175839673
0.0965713623371345
0.10950960676698639
0.2127668714995314
2.375501317221451e-05
0.03943267445155104
0.3040764711137431
0.12266000952745278
0.15141939059163484
0.06290497898283015
0.46950183924959515
0.13035352812607612
5.2260069679124833e-05
0.19767675074783975
0.4078834233038662
0.2736303317402568
0.1382674758033212
0.1903140930265336
4.944233895837645e-06
0.09059625464836682
0.2744081423791732
0.4112379418273413
0.3213595410446423
0.18934252131202167
7.81617925734588e-06
0.525050823668322
1.5093318265716278e-05
0.31081100366410563
0.7695199702608959
0.00613560008311117
0.2059272376820071
0.06406608363629356
0.27812977159799407
5.915348186623688e-06
0.040337463688829754
0.2650605087639977
5.212193672149057e-06
0.27646552114506995
0.5310311768715911
1.6368432670199236e-05
0.19703445844704034
0.0869728728594756
0.1314909796323875
0.029116615614641402
0.3945890231654034
0.1520527576746965
0.3410340641714507
0.42590306058839267
0.5195656958562891
0.3061319390787638
0.028784961804942742
0.21727059231806836
5.097405730067907e-06
0.06060755039969995
0.05369729839995555
0.014046073910406865
0.6015599410310816
9.0098765225114e-06
0.5169262753448801
0.4094647277144566
0.11967993725266522
0.05186959905054813
0.8301887734680413
0.20964562842088894
0.3207778566590137
0.2975074452256854
0.20992138639020705
0.40672850234284513
0.36646436299521484
0.2805505546028366
0.08944398095314379
2.109426041130079e-06
0.27981646171033575
0.3045298699911289
0.05942744909906454
0.026280161525894366
0.0730330515552522
0.00017423477373022756
0.1451864958209996
0.4315339999935868
8.7179697754066e-06
0.27044239756139465
0.5048918527244612
0.23838961858865307
0.15719437077795703
0.3934017602030378
