0.0009781540552110217
0.0016207672118019427
0.006123413212592483
0.004252952221829259
0.002361052512664143
0.0005644180329063969
0.0017885677666658324
0.0001412907584484608
0.0006681183112701647
0.002059884951948506
0.0008331797872787169
0.0037192213473322263
0.0019036985485482941
0.005245423197998934
0.001688892150455478
4.6837272015747694e-05
0.0002536386152360709
6.521212788165344e-06
0.0021693289522059147
0.0004691448672240542
0.0058582831355167165
0.0008852683759528537
0.008418885940955195
0.00314626301030207
0.0027965697274367875
0.0028282685343433613
0.0018554941671718238
0.013299036506562672
0.0014346109706709826
0.003154187426693062
0.003727383756983444
0.0008441882723464983
0.0026329932114916342
0.004866597918456417
0.0011578386814775068
0.0028274938982621495
0.0015666492461093293
0.010811867443081928
0.004229286230107783
0.0021898310184080973
0.00033067978520001044
0.0031149320156525027
0.005888844521112221
0.0012592921905138395
0.002583694329928216
0.009983554326715037
0.00024069608082388696
0.002069666799463815
0.0034245382935809716
0.00018337288682836184
0.0003531309973689089
0.006475039601474724
0.004323319908274105
0.0023384509762190402
0.0009524290988890838
0.0018220003995296935
0.002575134369787775
0.0006347950061729958
0.0013437032368102397
0.0023779252477480815
0.0010784115670839454
0.0036835961834805354
0.0003799948137674456
0.00012729602048713092
0.0025573092341567164
0.00322403802987998
0.00129369300160784
0.001365666522479945
0.0021659946844769518
0.0024315881887252934
0.0015699987895368265
0.00043512628876591145
0.0008268295740909122
0.0010057992550103886
0.0032350989847450135
0.0015390395476627917
0.0032796611973050296
0.0011661474352962367
0.0009641869365782153
0.0030457836213051643
0.00560417008338059
0.008873007897675941
0.004520932843240234
0.003326926976512194
0.0024191513054230367
0.0014213008202189938
0.0007567556100535801
0.005355130208538254
0.0008425154248348421
0.0029448243275815933
0.00028949596925015135
0.0010252485668512563
0.003504664574294231
0.004695464585516354
0.004848782003381135
3.687915725667391e-05
0.003302475297033065
0.0010125945314070285
0.003672070370135413
0.007759584453986466
0.00479214443282117
0.0016578040308315852
0.004163967661839133
0.015342887079615323
0.0032697997956427144
0.004032768605119847
0.0013412637308696414
0.004667455735127871
0.003640220199096722
0.00248057129995363
0.0038959980003884713
0.0008873909193616056
0.00480724330197474
0.02130523177921228
0.004600791465037758
0.0014126802938682521
0.0013622066777360473
0.0026333431846017477
0.00573586601108781
0.011445536054111864
0.003531227742240556
0.01901678151487437
0.003234062948442572
0.004311385982536291
0.02095232502547279
0.006055377216478372
0.031187265131462385
0.007518429038847649
0.005054481793903781
0.0012137523176691646
0.03639564332438366
0.008947112998281107
0.010453654316749468
0.01334085042034995
0.017740961363311533
0.011990638481898222
0.0026985258289015258
0.0016000712782354345
0.007309874040711677
0.022577874937299597
0.006423227557221906
0.02752085899177605
0.007915671643041853
0.02604907321441178
0.01045889119571952
0.0011879700735063412
0.017810500874340857
0.0035819935443178685
0.011602129700296384
0.003713129097166018
0.016517354500184316
0.00500223992965727
0.0036504015067358314
0.014284773757360845
0.03114982821576689
0.005926118736788803
0.0040455716905242545
0.008051629723685878
0.003465703145116787
0.001463071878667547
0.016454832411366412
0.018042808303547667
0.020367597736626337
0.0020182306711899393
0.014178825174179038
0.013577119506541136
0.007003505297109298
0.010649584601891767
0.03320582134090478
0.01025222007036744
0.030404894105592082
0.02797483030811727
0.03411924726614117
0.018869572581429933
0.0023403234972468085
0.009737612178800198
0.01621349380358614
0.0034527656440208002
0.003678288188673843
0.020420304307728517
0.01691470219938413
0.007685659794699493
0.009364993851899482
0.0030897842829839322
0.015436778217743665
0.021391582976082648
0.007274606193410834
0.020306230718694585
0.018218626322638848
0.003982437730423532
0.023298427448475875
0.0041824748413991095
0.016333159468150196
0.013158415921224707
0.014322837719978304
0.005994135127188774
0.020307176130223394
0.005535328212808331
0.026441640979987698
0.006370849893342289
0.011047810778045303
0.01376608229985586
0.033803347099553134
0.018115423531112836
0.01821681839948696
0.006868367315355981
0.0120742461779072
0.009454295785061675
0.010804683107952583
0.008478555046165306
0.0028648921787985844
0.023251301305238184
0.02919552106326231
0.0036531548866705066
0.003314378525469718
0.00338774138309526
0.029594453928715445
0.0039181580947769325
0.001369506100458718
0.003523527730892013
0.004377907928289166
0.019439640902011453
0.028426462727369345
0.022715749406517292
0.01574317969551887
0.02637763155128334
0.002788534636360698
0.008050165996344612
0.003982764770828085
0.02474479244488955
0.023364940722303933
0.005123747920067428
0.032092708878274666
0.028393047703355656
0.004178437312698082
0.010704277205260083
0.003198526388001754
0.03009940963788504
0.0019221488689399966
0.03708376923209731
0.006874374273637669
0.011929776566165947
0.004416818316733447
0.015393238382981822
0.007499965680361348
0.016090305298090704
0.004140689631004311
0.009120398894054863
0.0035936024231844506
0.020469663328252154
0.03405060169465051
0.012923048158519742
0.0015882453811471619
0.01688474743258933
0.016778882761891392
0.004838601387434024
0.013129405176521933
0.035221586060583635
0.012216200064386201
0.012844880860227118
0.015825278118209024
0.009398135733963245
0.00969325444372299
0.021397517407339976
0.0007324862804001407
0.021274796935129375
0.007262475632501333
0.007416342856680964
0.02237180343991876
0.01076483696559092
0.015346971211280057
0.004493180894478313
0.006228056966862286
0.002132342116731958
0.002555209306014889
0.0052588396896809456
0.01444359999826143
0.03153001359059669
0.008988337034594101
0.010624103412653706
0.011533851133281921
0.011300935953272995
0.016259287329195127
0.009267942508705357
0.027623589638955687
0.013783060092219907
0.021653320130886895
0.00602895489522999
0.016344079096328783
0.010227447613928263
0.017120367625002138
0.007591773589883431
0.008869530855796816
0.005866954310402967
0.005920154907629224
0.005008820157679001
0.00926579307274826
0.01705701530963055
0.022886746465894017
0.004621840765363886
0.019994225555727916
0.016793102987850632
0.009924835643038477
0.02948272838806968
0.01307988421875209
0.02393853693477398
0.010512349763753287
0.004655395276009005
0.02734539325516343
0.01102981543460836
0.013395984463513455
0.010931274208515092
0.016299387169753016
0.011349620593266356
0.0036649289384051444
0.015145754275899675
0.036079905215882016
0.017945272333906342
0.010528342922514686
0.031992302950533805
0.009445123335918262
0.017613939537123365
0.021351488867058302
0.009239928004035745
0.0055450487071434275
0.01919278182181613
0.02649428174416827
0.008267806746191163
0.021480330728257176
0.01693881678980079
0.009092807341303093
0.009873891060878489
0.020800125983115272
0.0183280696340413
0.020707180566485253
0.005095326705380032
0.03047928331061095
0.023575099479835545
0.001639648177215635
0.01619540248634072
0.01574525767632231
0.03395535918035185
0.018512811914755956
0.015575937780159782
0.024637365089052784
0.019041439199502755
0.023380600964210463
0.004660707200716293
0.01341782414413535
0.006135285979858084
0.004789406596627076
0.005825507400238522
0.006330831607009946
0.016904043528228642
0.008554248664093152
0.02084831437657595
0.02130003492110584
0.002486675791085416
0.014550742204041631
0.015752790459755656
0.017652010508921113
0.010474301351287131
0.0033052171716398335
0.02280022531246341
0.0020733179783211405
0.038596849036053586
0.00797254832159729
0.006740057991627222
0.01240605512630533
0.015412629202934056
0.018273056382720566
0.02941403524717854
0.041865904579632525
0.010427257530066476
0.02764208512419987
0.004900512222854044
0.007276510852510183
0.00490528642877073
0.03540230842950497
0.010867174176628906
0.03218229902710046
0.013583929350154617
0.008644649829096077
0.007404199375991761
0.004547093357773226
0.029073900216230988
0.010331726066369054
0.005592795759790491
0.005770045292157185
0.0020491667133801443
0.018617709464611228
0.00606647124517634
0.009678833839933322
0.008282208517280785
0.022016288438212853
0.0054670980952979085
0.01235587086028393
0.002471676729654093
0.00202775988128282
0.004679469251057681
0.009260149464610613
0.004351542688082296
0.007856617638729576
0.039474577837495216
0.011638354589530229
0.009100008777139386
0.03137804065567456
0.014071694337322433
0.022522288768876218
0.01847924362022496
0.01138858820847818
0.01883544459699927
0.02054179500679537
0.005323801123858491
0.0029320527304950474
0.005091581122378315
0.013207523114940993
0.012523203465040555
0.018814612852669853
0.037017482545259515
0.006049686949646875
0.009249450002612639
0.007630253225284785
0.016259931505462344
0.017469557860841534
0.008851835572829298
0.028090144637535182
0.015585061678692815
0.014419830134755523
0.0044904771093499845
0.01011508940506484
0.01652320068129426
0.029787925852844822
0.02880768652042129
0.021724469382571172
0.0035689413299907842
0.02332596061548539
0.022935753122679075
0.014592922062770675
0.012169796434165736
0.02488698191505606
0.013808207019286796
0.005012327677447805
0.015021107858781083
0.000318496272529333
0.01125140836211256
0.00761933667315948
0.0032484754624817077
0.0026176933933876123
0.015860762469437392
0.004262610269837529
0.02148791681707757
0.003608328245951485
0.01721308489086582
0.031025951443806737
0.00729710381637963
0.007192355503053447
0.015812567751583163
0.01938708294442616
0.004629597402964023
0.016021162571674765
0.008065119611510886
0.004685212622433469
0.002130334014786825
0.007012152893724207
0.005982135508303976
0.003265996756845032
0.005360203288381526
0.0022844849296644832
0.005422651080703939
0.01252991775541047
0.003398705247313211
0.014211361837091862
0.019084073556265596
0.005179754045116761
0.013157237601691615
0.004514364583138683
0.020005169655174532
0.018111872842525537
0.01313133593662036
0.008968730590687412
0.0061068239338463
0.008425244435887162
0.00836788459764901
0.007204968360483723
0.02216512429277715
0.010739339595952344
0.01617412205361694
0.024145026993138925
0.008223618919542985
0.034691979346956385
0.013558826352484447
0.0036281372908488173
0.00020260868484098422
0.008851011453137523
0.00745817148502994
0.001333511653692828
0.026761611632604453
0.01344416693212851
0.006036462327867749
0.017741561963321537
0.012258516818802254
0.023302511507681745
0.03248635670269296
0.004825540759638021
0.03711188211514705
0.007768609377032106
0.011967616151937017
0.01893640508974724
0.0033085957526031115
0.01142879324109157
0.025217479746250496
0.013283019442973922
0.010431193019267215
0.0101243507229111
0.0064588696805913245
0.010985002783103041
0.03161075276534657
0.013517868304737285
0.016264764099497734
0.014634839288424024
0.022416738185466585
0.03385551501910955
0.01090914342734104
0.016503742981139595
0.021946818662556412
0.002290826233681224
0.00384172552462049
0.007345687915968691
0.0035186459751802785
0.027201820930201848
0.001260787192950519
0.013191937470102411
0.0031023273846130716
0.015150338529304508
0.011691823930708382
0.023355680521038126
0.01739820488590821
0.012782014616627936
0.00855599650728646
0.031043574947082604
0.018091554118576724
0.010120828003405476
0.02921844784454655
0.031923675451393546
0.009107527275573502
0.008645840813973658
0.01932135991157127
0.009053326270797007
0.02053284695714887
0.019732935223821142
0.011339890422949993
0.00710769312875453
0.005752033371251812
0.010569254799839804
0.008632151439220647
0.016146070874400932
0.0074619142337351944
0.006077990791505124
0.006548932333680609
0.011341862811452545
0.020316028013198074
0.00454389511109571
0.0041842001929264525
0.011289684038551446
0.008159289886084458
0.008657072994962024
0.00452353387047966
0.025454777848286966
0.022731260414774856
0.006041441670837214
0.01748845373583785
0.004995104312243381
0.025118046166025768
0.0050851805733951585
0.03274164164002933
0.00911618663051797
0.008427955042399495
0.0069276788688576695
0.03531862355215084
0.006738277106709384
0.017676108451294886
0.005917221594518468
0.011532211031580274
0.006502887418323348
0.00692233884689797
0.013097456353808419
0.007215796103269619
0.029269444711553506
0.005574195706482467
0.02858354069724465
0.021726528199850596
0.017826693380988863
0.011685799853967982
0.00431329632172104
0.021611642713668208
0.011608523708037406
0.02110179935337392
0.016952831029829064
0.006320813892652115
0.009643211097837171
0.0045758530132424475
0.0052444250752323954
0.015252350194434832
0.010528935106216247
0.012963200466075504
0.0006307666149758953
0.00829859229002802
0.005869863397828901
0.004819322513672403
0.01940938631003112
0.02419836787882941
0.004098808606581722
0.005666677132634936
0.010342754180976764
0.020931602207600042
0.003284622818154598
0.02393235515976497
0.004443167779186871
0.02930456576344057
0.015236618185316585
0.012047438263631824
0.02973793686027794
0.008800331628067332
0.03548132169204749
0.00526893378360147
0.004640513197367645
0.009934675020846686
0.007134723727952973
0.004309890929797381
0.010065154333498005
0.014626294297573285
0.02437615230197871
0.0037907614242624695
0.030100376047118557
0.017992053167641565
0.0035179459733021903
0.0041159903579495
0.009957109825797545
0.016404044290425013
0.015110652381314316
0.023820842536481954
0.023821916149664342
0.01951356250632621
0.010571177589625572
0.005393172838092548
0.013276625239242208
0.018400791743267454
0.007015921345384995
0.004538230540757854
0.022288670733955105
0.011119076293691181
0.008851157012714543
0.02335045734179859
0.021283419032910506
0.02198934953741754
0.03410902125656153
0.006698843930731813
0.0059701915303997065
0.020059088033593294
0.008961480320465193
0.005905278588925046
0.02524400512873157
0.04047764784131645
0.03257653250982477
0.007274540368731951
0.013059745879198994
0.006354874665101891
0.004649856977742492
0.009056579280605367
0.0033333944482205518
0.0053425879591641285
0.02758667163082723
0.03459915975434435
0.007970134253514139
0.0034618942541965974
0.015989278654094323
0.008933089778359174
0.030573107234327268
0.021633465524088184
0.005589553113071165
0.01916531216022147
0.004530732230421189
0.0051628597417112156
0.02335391064505973
0.008967502140250591
0.008813237055924704
0.004053710601092457
0.009628441825427195
0.008756020953473975
0.004248795058550531
0.0006924218069154758
0.00807958260034516
0.0054658454115262475
0.011533912226559997
0.028248566026791037
0.002919958888897494
0.00994342795419028
0.02404434498962193
0.008981557611212667
0.01928903798665152
0.02887914866792802
0.0279673643656121
0.011511169592954831
0.021099894590238883
0.004191646135981228
0.0034975759020734356
0.01042306721022481
0.023879761184269863
0.03128927462804327
0.005199510706957464
0.0046945513050882
0.006882465901684949
0.005422513550889739
0.014806250316385045
0.040959165746747864
0.02711822740121197
0.03106593963018593
0.003521236873988162
0.011172773908290478
0.010930105479718837
0.001907214904581536
0.008694309004775466
0.006645139690516545
0.015693496253338025
0.020086290488089284
0.02162867757373732
0.016590460049517315
0.0011505449248389874
0.008008221105849804
0.006808215826116888
0.0197971451120762
0.0052642089053270376
0.0090154152217863
0.0021886768364278997
0.013858782317037861
0.017744917659767358
0.023230066255790816
0.006862874131787168
0.011463879118891067
0.005113120029010074
0.006725894527337276
0.010091510508819509
0.023616612032063628
0.03027977411900941
0.014863052558721994
0.0041251697994642835
0.0026455930354754294
0.006948475968697861
0.004872021654913124
0.007138833029779693
0.00883334233845559
0.027121779357244573
0.0156333686358176
0.008968803366476097
0.010940416604184097
0.0021613717785657132
0.009673240722670116
0.023306096154042506
0.011833238012369044
0.008529190163546991
0.006524506028101546
0.00647137545923259
0.009918043501500494
0.004410780472187673
0.02044604359150708
0.0039677843548492735
0.014545159286653835
0.009497221435572988
0.005902771042516641
0.002960114309483847
0.0356011209123265
0.01648742875154122
0.017760473391628
0.016352846590167648
0.005762816467248996
0.008677557070245853
0.014126062507053333
0.004638321159206584
0.0026417593718534305
0.021867030177191625
0.007091721811533067
0.019189703861149994
0.023802647516412014
0.009904603031000247
0.02327115673927564
0.02113572846579031
0.0082648017343498
0.020117921340187993
0.002727184578588505
0.027662160046842077
0.017043786785107432
0.003951626481132413
0.0192306923426424
0.01877765864566809
0.015340687023287735
0.003669782885571286
0.018484605974989722
0.00353117906855914
0.010962547710833114
0.012464388977982889
0.02318673356688618
0.018088979814428023
0.02099235521861371
0.008196732932444308
0.0011012621767853836
0.03915491400574633
0.0027359396057074375
0.0034652141562932295
0.004561319562748379
0.003769259397887798
0.01258645249732051
0.007996424871889892
0.003001387286130885
0.022611300784301357
0.016547135527106894
0.01697728205648856
0.003470914004529082
0.003769054922450891
0.005072550689142731
0.02526174185056927
0.00537286845859789
0.007285186197557793
0.0020419100724338797
0.006940237145042697
0.023152471319805943
0.015242244306576159
0.014456693585464437
0.0049612981824861645
0.0037260178098857018
0.009421704409971454
0.0045983482257976
0.0072355244154975636
0.01581018104070249
0.010512637340557188
0.0052797753056951805
0.005864926456620632
0.0050079313065277695
0.030806548067849278
0.009958817887012642
0.00977517121795307
0.011346465835693506
0.013877447540378752
0.011739296639386235
0.013435070011822736
0.012019611691190386
0.016573145975888756
0.005848893434360722
0.005342486720803359
0.021500938546620947
0.021376676635264942
0.02000832233391564
0.011630707422094568
0.009608925500976561
0.021698503060390922
0.001274136332144263
0.009592199297974568
0.01059539956911699
0.005213858718810006
0.003462497127982569
0.013267362741820754
0.023748786049066578
0.001367074015412837
0.0024666950809573247
0.01240463096202505
0.0061374438937354045
0.031402427862426724
0.006439278785986671
0.011766034849840467
0.021257510821979488
0.006609662565194476
0.009948780499227282
0.01170506965040682
0.0060572046126162096
0.019125309250162703
0.009878298013523674
0.004742459313363891
0.0008544538756834266
0.004216658511777884
0.02634090491736614
0.017726393455889698
0.034245085446199995
0.010927962827572631
0.004401456676248586
0.03309867840225104
0.013532134873063142
0.016792325597912
0.003768084652010274
0.01940793516258963
0.0031836177048625257
0.0008454768147639563
0.005409003288369138
0.027353157449548183
0.0200983041324373
0.018356418298922726
0.001298037580843263
0.017925101974569944
0.004767484928507721
0.0038830021766973937
0.00917685364998293
0.016236063897249957
0.00838200262568661
0.01494588050445501
0.031571118746168726
0.01818805210392268
0.01431619073327522
0.013330190921148496
0.00809430383861209
0.013651230021311389
0.011391977836705057
0.02628239941749527
0.008047812040046369
0.026752080169818466
0.007778197110602174
0.005984002041581245
0.00878830903377591
0.022576792591904888
0.024061853283581586
0.016186860008715546
0.009268159083545502
0.005376782097542298
0.03294644506427513
0.007125876895288371
0.017332831217372856
0.009806921448231455
0.0023295259920022736
0.011753938925929954
0.011770208326110868
0.018182872066748134
0.016873647711402907
0.01895161832218238
0.011046513380635038
0.02389847317308588
0.01082033079303889
0.024627742030320105
0.003875159441333257
0.02394540226247613
0.006352338077635724
0.02357798916162975
0.012530072397742746
0.026448765459455736
0.0026462279437014192
0.006307254346166469
0.004153432102217885
0.003085927973888114
0.02339317743183715
0.03750292485761153
0.006181572054211338
0.025537547327720334
0.005232719489134048
0.006725206042604315
0.0021581467785661765
0.004023980150446151
0.016255555309075496
0.03178380235271539
0.002965643500003178
0.017831240545388614
0.004625332162805725
0.030655556956695557
0.004657893957396618
0.021468926658500663
0.020950082616618907
0.017150924355869818
0.008136660799638672
0.005639314861297846
0.016794032279615973
0.006095628507822567
0.02482966013775937
0.012473236845290833
0.03396480493387737
0.011679265680939879
0.012005974693404958
0.01948648603057346
0.015241935861585433
0.017449854229045277
0.020670208789197855
0.035101422101779516
0.01336565412050146
0.018991421835383458
0.005951301915540865
0.01652043408713458
0.007977785828074764
0.029021312061767907
0.005042009132217404
0.018596777618263054
0.005273350208481124
0.005121957064083171
0.032457283655185507
0.015344620688082566
0.013238512827390834
0.004468104490141813
0.006358844604704311
0.021609593730825327
0.0027945007294917874
0.010494962815690201
0.01715764709393863
0.02695664336448237
0.029071170220874683
0.013664067384523028
0.03791104786120803
0.013913835962186202
0.013122806216268233
0.0077653605531097895
0.026363054249803994
0.014733255430850769
0.002677049677956806
0.006845642914704191
0.014127005948647131
0.005695574908136712
0.013448803361271256
0.009906245610844383
0.0018286599405584617
0.00015692854740222573
0.010047066081349192
0.017025405991084593
0.029864400380447124
0.007401601319044019
0.001749345173122082
0.011203380800565862
0.0117116825928287
0.006561670314655864
0.02785892030073024
0.0089062201824863
0.016141984194525547
0.006787365715289881
0.017078396109169378
0.006620209989100711
0.016632944864907753
0.0073167013560745805
0.010327606855548583
0.004502654751102466
0.007634489519726359
0.01356742725923317
0.013366846595156672
0.009196636333756456
0.006685068941294553
0.004409211486941217
0.006741713685304986
0.021681664088037306
0.025199983641133437
0.017962925688727045
0.013199549141702651
0.0202130598574483
0.0013229489003991068
0.003132790020755516
0.01642464200955794
0.006031937434559996
0.010088599254499973
0.03261353798858817
0.004514850704748375
0.03267983456456401
0.016824921612056357
0.0025743109306981616
0.01707059304138776
0.006306324202446654
0.0168998968090294
0.013671905787108952
0.01774569139619309
0.00229214524036239
0.011516859586227089
0.016629328021403482
0.005019717501627677
0.008902802135618714
0.004428751154540879
0.010077262977970859
0.01060548813953395
0.0019866663549853404
0.002592733197641489
0.004572262157909899
0.012601555475190828
0.019172834307044473
0.011419486993930169
0.01352334225032048
0.032757394261441884
0.03367564831716052
0.0034095123391650593
0.01838657708080382
0.018319458270658614
0.0026129966259400587
0.0023658356618091
0.015357287750372458
0.00355848867877502
0.0037414384074265852
0.019030925203488428
0.01063889586928931
0.0033863318627350885
0.011017881797723506
0.013091501895721232
0.0090637829783045
0.005934071203604372
0.023543137951800096
0.02001247069259138
0.008571853399411794
0.00338971530006436
0.024440581532972967
0.029123272420901347
0.003575155326444965
0.02941234093077509
0.01012538727882595
0.03658078073635237
0.024796782544190953
0.005780146728632698
0.008557776000373074
0.02736672575264479
0.038877532842979505
0.025573846921575247
0.01148322452667727
0.008814887816001607
0.006484258524793465
0.007884663996347838
0.014982157782246708
0.04273057530400264
0.010595163126720503
0.007249039908678598
0.028539409655781483
0.004742282634698185
0.03341674538875359
0.004515029926570612
0.02009107445241534
0.020772093931937644
0.004015154448630293
0.01319295197557106
0.02082911239727674
0.009557292236477784
0.012090416666606124
0.003672787148733715
0.009766400631514452
0.02909478664320255
0.014549650047348227
0.014494083686213043
0.006337837578225668
0.009152310652051342
0.022354504223451175
0.03755285051725146
0.014543415403833504
0.026864386026787458
0.034066078272697
0.0066126724081758004
0.009281216981037156
0.01588604321556218
0.01593905118784563
0.010049453171101837
0.0344602621356006
0.014077005247752555
0.01154419248932446
0.017195697794435562
0.028227610439162682
0.004239630211963233
0.016179966048302505
0.006115707389736642
0.015805766536450588
0.004774839833336813
0.008157705288047358
0.0034844771196400337
0.01863379904036595
0.018127934867005913
0.00855384280024027
0.01673475373827311
0.005791857038564171
0.032291540491450145
0.0036164177193829727
0.03054315044249544
0.03217200363842204
0.004526514229867034
0.029692501159629636
0.03770280546272331
0.017505540616824338
0.004969804541475626
0.025567843021138494
0.029115420250832556
0.007018574571852022
0.003650753424563654
0.01025910570393608
0.0028968548708614905
0.015136201805511739
0.01791955138364476
0.026213008248124687
0.011915151675893567
0.010897973425712717
0.01964291269907359
0.0045405462706075966
0.012748511242876813
0.018591281230318175
0.004358392506158519
0.0051996570871479806
0.01041173614739286
0.004016956290398143
0.012472754904010962
0.0025605270314820296
0.011797011699804568
0.008522871725145487
0.004852270718914639
0.009585048117378831
0.014980796796923386
0.009495910970630426
0.0050512431138698185
0.0133185097539451
0.007349674704915368
0.024760764300642845
0.004913910413922543
0.011928202267235776
0.003050471965018044
0.024985619327986895
0.026174922112156298
0.041817428935291646
0.011417893644441138
0.004957721635993688
0.01408397919618083
0.01633647633569065
0.02339333248602819
0.003968525380059201
0.01606366428317587
0.002181402773477741
0.029735574291444765
0.0033046543465799
0.017797845190537773
0.00651659231709589
0.004927004472279632
0.02935552292498283
0.029204774183096676
0.0035198901597474344
0.020162628226928395
0.007585495009216567
0.0160330584904042
0.007904389262924477
0.004278555122507735
0.007077966925414231
0.00443043356729112
0.002880668237082819
0.005855932900816548
0.01027992216809759
0.01575840611749845
0.008119254598475567
0.001545345988573072
0.017428670775441163
0.010115008002064874
0.009160955786420327
0.008906361665087998
0.02759486277170649
0.012409104151122676
0.011586789430870272
0.0066256865111429435
0.010241023918275185
0.027007830930354682
0.0032950197390387683
0.014144683955988464
0.004187378099828871
0.0037653587613070438
0.017051918268135333
0.023291458403522133
0.007524204022997878
0.021223316623671242
0.006608546063796725
0.0099123526841822
0.0041381908591449764
0.024709104886240885
0.004394336781003308
0.011307252054162449
0.0034664351445459467
0.009755627336932804
0.005836111915852676
0.0026828291870505967
0.011628516884381927
0.009759177029902784
0.007560187955478687
0.04203319606975832
0.00515845270191689
0.011708689404249432
0.024093798242225687
0.004562901829340537
0.0051782430393332865
0.014725869492324522
0.00034671208803883566
0.006969225945315804
0.010007864073732234
0.03571818219836167
0.005320046454858356
0.024241056876611013
0.023481126559550414
0.00969284504162444
0.004911063761721077
0.010238130215417602
0.032630582149094374
0.014554067028206216
0.011794302485756417
0.009113408739409912
0.0058116333393876535
0.012659436036259403
0.01389901146890608
0.02019275986955566
0.008745592000480243
0.008050339629139081
0.013895228891932988
0.0031923045425831615
0.008696730321675387
0.010557123539368118
0.006540559217555432
0.002306547802450018
0.013569094324439587
0.019173415492981245
0.0035431880884282787
0.013353935886232557
0.00580461950755263
0.007015589797975414
0.003817356818647086
0.0032549091171636983
0.003481188420731306
0.022460286831608774
0.018420763132946598
0.007470679923279213
0.01382731489351098
0.013778555454155569
0.026314640148780023
0.02138901357958569
0.019810536679292112
0.007790695365211578
0.028008033447586324
0.011351610255659212
0.01782147269929277
0.006218310043189578
0.01673435099499825
0.015521424708905836
0.006165827506317132
0.002696819090243936
0.035287243421248574
0.01160835097271912
0.003956764578800235
0.003179912119550203
0.007016767724247482
0.02760270374742661
0.0029144140989866268
0.02202588341925225
0.027336161347536653
0.008276818683523599
0.0194936016839293
0.015126398582717875
0.004619769131029104
0.012650886904934076
0.02584561320731176
0.010082897615818086
0.014286422520459512
0.03589466496476815
0.008149617540028884
0.003931391107672266
0.003883823737350092
0.00671515230474126
0.008256847510868096
0.021487194229264726
0.008002955770232498
0.014349936027844611
0.0034592785650722283
0.007706247901574098
0.010969071551771549
0.007801775599489677
0.026132676921270706
0.007910809279401102
0.015714555916840844
0.009059052005525344
0.024226369091532703
0.004518281327061053
0.03402896564810256
0.0244466643421698
0.013068356654360637
0.005374349454304166
0.02910336318617067
0.027733059400510147
0.004557130298874921
0.017550882687602014
0.007076097970749021
0.013159059991096744
0.029248114316292727
0.024055893805366893
0.009665316619967763
0.037128791388603505
0.0053229949744481265
0.010700121743615437
0.01024437594496688
0.0019142753540730374
0.0046976960505322445
0.0004443151561998749
0.02394199839527027
0.013959536314210685
0.007017254440001477
0.00854804054734214
0.004560289385562726
0.0042881648218538945
0.00789346841372619
0.00534142425455905
0.009548604370841752
0.021239851708164018
0.025355268152729978
0.02796365648449021
0.014439721518911748
0.002385456661590621
0.02843524564406929
0.03042534165328984
0.006704331925855659
0.01609495188050005
0.007332351974997928
0.03806101982853477
0.011669632924768122
0.0034617406055761383
0.006038404385294427
0.006385005004514086
0.01350743862569681
0.005294102764651257
0.019216317222864213
0.015500177001356964
0.018662082312483126
0.01364545556286463
0.012735205929156987
0.0030080160580947682
0.0065072606501563116
0.021674776077162797
0.036588658040468784
0.009752695486804713
0.008894493517070945
0.0022686292523123844
0.02015056871366385
0.02007054541944084
0.017279793910415415
0.004210479424959446
0.001966480663310119
0.02525473428153229
0.006868150688046477
0.008115196777289793
0.006859594761044135
0.004407095584595906
0.005854949620161852
0.007454536133840291
0.00440871014490228
0.008759872585136979
0.0055498451663770106
0.006574671845626728
0.009162666190579528
0.0066676586537109
0.005133828498556295
0.020288068508165794
0.009444757302352681
0.007161861002596065
0.007498667352157306
0.019971288743510285
0.008819202866521863
0.022442694972714373
0.016617284378709546
0.013479087660574304
0.004405942095056304
0.028192876937281716
0.010377472174155723
0.004111196154336784
0.0028094447364809174
0.0021069453323851474
0.01086311589813181
0.02540278366689708
0.017758559180988023
0.0021047335410647313
0.0020950247669296327
0.008100170163640397
0.005549242938708638
0.006037066247819653
0.010770191729313818
0.01705166944997194
0.014989214961455605
0.016018262885222845
0.002712493205155475
0.021416110959147982
0.013313507303405579
0.016028117823053994
0.009731788936964851
0.019845179857762407
0.018882641935340557
0.006652856165885391
0.014462119176528388
0.00773161784147542
0.004411294730491423
0.0050610486631258176
0.007758646991031629
0.014462701262690189
0.016633684140132096
0.016674588763767408
0.005524663434186646
0.008387390540317877
0.005192868946227416
0.014380188069435685
0.007343955511764356
0.005300775065940077
0.012529917976797866
0.006127681508669911
0.021736476561257746
0.024127692240920796
0.015503691272340622
0.00746174640600877
0.005726275835425748
0.009542365503598903
0.013269396574256265
0.0209064534306605
0.0034698399172481843
0.0077532641738411665
0.01577042594791047
0.01685615231784832
0.009715679802889106
0.003633189956461271
0.0025266846022387324
0.006923858374358664
0.006228691516046919
0.005224412532004478
0.00742113913256858
0.011391031981515745
0.004742905627677865
0.01980554773589396
0.021251069830475644
0.01859772955148345
0.01994216067528475
0.004971114020169905
0.020370764566769766
0.004407912479620245
0.008189118934671124
0.017158461311050907
0.01152889861174484
0.016115002191074777
0.01302199585857593
0.004759059730399072
0.006550874524915301
0.034879856725361105
0.01047489764469241
0.022359706139683688
0.0025068730965733662
0.01786629477246089
0.00471457878114594
0.018290128037381195
0.006300624904032147
0.01597406163244833
0.011078442590220203
0.013252856929551523
0.003986278756235414
0.008794948673040478
0.005525553575028277
0.010311910645397916
0.013217727480346435
0.014756889164313603
0.0073279370683569135
0.004774343371411902
0.028696074913606255
0.011100771785811607
0.014864902483421833
0.02870039125239407
0.005284639973203841
0.0026171048003226643
0.015561223033450578
0.037083654020792056
0.02028469068315268
0.01899121443459073
0.0020521602634164544
0.02823877229641652
0.027252401852298096
0.011166742065101197
0.006312383204670268
0.007694261102346814
0.007405556657806681
0.017551780022357612
0.014918274170775361
0.017685244528185824
0.007768956610158954
0.004406167685259381
0.014403176822097123
0.009121579362224415
0.007329079283914273
0.023662419651091133
0.004021390911585691
0.01603226651290909
0.010507719509039183
0.012061612946896944
0.0014038670975312522
0.003398053178983785
0.0350910043583175
0.021595301767885548
0.018129454200044748
0.033161253633356993
0.010153955135715079
0.0055639315937128205
0.013500211997868165
0.01426854253933717
0.011773261714999091
0.008135761988287643
0.018144540944168053
0.006643690812053255
0.009555589395059025
0.022482574385359232
0.004175235330682831
0.005115308701107433
0.017496686486861958
0.004430540917219474
0.003761375251186211
0.007400175650248883
0.005931601365853126
0.011070889774199646
0.012491310832702066
0.013288562099447796
0.002446941410509731
0.0009195277080523293
0.01822554766522355
0.008934790407862905
0.01834549918137829
0.04409296605268468
0.005714634943069933
0.015857495961814655
0.004928552499817112
0.013796219458627943
0.015743832809028364
0.01693186875612462
0.008025676138341369
0.0038838671751049753
0.01827260988417645
0.003836221481969145
0.008318270045876
0.01210457561773325
0.0338598211614139
0.020697275883652257
0.016954354629805
0.013081157180976438
0.00495243127183161
0.005932308018042285
0.010332987692148798
0.004599433577771793
0.00869572010207238
0.013644896858123423
0.028000318337581136
0.011717331536269346
0.021753309003170216
0.021481946336900738
0.013646545238242394
0.022018870541549412
0.031535794017213056
0.01963325961112701
0.029599463410225926
0.010464473284613297
0.004388409863207226
0.012987721321566335
0.017009863787163314
0.014261484467599967
0.030366286199930637
0.006662045818044646
0.004898301863455117
0.02101963388815585
0.014716106359500894
0.006662336268220755
0.013200357850243755
0.00275707746131253
0.015946313174386297
0.001652784161776855
0.026299308629536895
0.008951619003634927
0.0074711337908397665
0.016873369935671956
0.004146114250086753
0.007350539104976097
0.014168302583709096
0.0074587554215806845
0.017216126351828502
0.0037131748904328313
0.01865168728048051
0.011148535500277001
0.03170604208401717
0.006445531938291406
0.007964897438575036
0.010079390503886163
0.010883295464577523
0.01469277380106382
0.0061025802076023015
0.01074409322157139
0.010469029347068054
0.004536584577839314
0.005864213391008057
0.025870436093620035
0.02724158918452777
0.023855650302393918
0.008092995537066282
0.010738003950774783
0.007961521983673305
0.012643531331172644
0.030992228581033072
0.017144380140162868
0.021220472648083938
0.010672525727023463
0.027213676046152054
0.017657032720602702
0.008855932847047977
0.01859022781598084
0.014211786770752695
0.010115117403535689
0.012977759275039816
0.01302993267334883
0.002917791539298198
0.003709776289603922
0.01673743598781779
0.031875946764192566
0.028885392587777177
0.01758656540987079
0.0038625534637338668
0.017709712394653805
0.007772194374151058
0.0015139651102999562
0.009348447330141393
0.004338832237154936
0.01989504101192261
0.02285253807238706
0.021011434910849138
0.005148946198946116
0.00943595355502989
0.011059561613975546
0.005745624033199343
0.03664626207026582
0.010486268299237161
0.008812665876400578
0.00579998617748246
0.01420708058069968
0.0005838007660313145
0.0043566972768303595
0.00392456390438722
0.0033237127035438832
0.004458575347133828
0.005512507690246449
0.013734428335636756
0.006602647565841094
0.011946269825105618
0.019892038050053098
0.009974384958746764
0.0027659596955226344
0.010662925221615022
0.005240648862518955
0.01280054735333038
0.013576686260893017
0.0015167289053510625
0.01657307264723883
0.022079481476208383
0.010443492384141877
0.017458306271515685
0.013898466493519272
0.029633331343304536
0.03941443790150582
0.0017782620952096935
0.009533322645468323
0.013364465088428312
0.0004988406239828072
0.0022957689081600082
0.012536325172996066
0.0285643924491776
0.01029816355512201
0.014027458952500417
0.008278937248124634
0.011325546306136951
0.007041238071427857
0.009024039752469251
0.021908029857712487
0.0048509546546149996
0.001838034596827463
0.01110514494787625
0.011571728548771205
0.003567360689323989
0.004231544809226282
0.012701037270393598
0.022467093341547267
0.024001277560659225
0.008542973106112954
0.013550698600255274
0.0054049647726070685
0.00325722633344455
0.0012854958328850558
0.016864425881455022
0.004740356010685732
0.0047703129708392316
0.008999154907011331
0.006077018251633866
0.0161702583206192
0.020840906954974633
0.009222459858424703
0.02476137162374201
0.021942883950300227
0.013566026971495268
0.03265628542816327
0.02151025574990283
0.024124957259214607
0.018982396087504544
0.030609776593395747
0.009084881922543264
0.005813660972097267
0.008709139231874677
0.009512315127555068
0.013088402121855577
0.006128284262361292
0.003417114716579731
0.009270131248501987
0.006268981632456526
0.029485761929264033
0.0040310105407681245
0.012027985043830314
0.012407509206806736
0.02562722372795745
0.001209244773948701
0.009803402284984608
0.03282462715189225
0.022545366248183735
0.004245652575338805
0.005501731939286339
0.02532537786555774
0.018984143590935396
0.00685493201694302
0.0054375676557156475
0.009127745978354723
0.010794682024411688
0.009406530607956548
0.003716249243737476
0.018177943628539337
0.008889701070914
0.004081182798939653
0.017544170972683626
0.03467577965005245
0.014981994714107012
0.0244028702107979
0.006625536320233215
0.034680692770754765
0.020033816462864406
0.026850916586907442
0.031147180366006295
0.019245521120258624
0.028100590210510274
0.009482451857655992
0.008571511680661956
0.01976331972084431
0.010610608250363108
0.005194773161177533
0.015948719607264964
0.005538641089174085
0.00718324198928943
0.009655087342538582
0.01738557959794078
0.027402365948421048
0.007282658520474491
0.0246074480986542
0.0033298300934116506
0.009931667342156853
0.02129066340734381
0.014882966700825671
0.004141632082800192
0.014670366407237453
0.0030879109166666967
0.004242523818301491
0.00376062503148788
0.020510559774584033
0.002693933390253183
0.00788588412564594
0.011449716990258856
0.008184725759961273
0.008828062178058853
0.006457915307528355
0.030559344189052682
0.013486665117116683
0.011075863755281705
0.011039124701135014
0.011515558891172574
0.006502409715411817
0.01318431884259079
0.017262318674262922
0.012614337207349216
0.011988770298439717
0.0059515713415295435
0.007380330179828144
0.023482013412398257
0.02792765702523873
0.004140525833527842
0.004912655587240132
0.013314685022375775
0.00917181353861102
0.012769848729999004
0.006310266637955811
0.0020258373947823014
0.02033728689022419
0.02885168461112721
0.025278637363036753
0.019501358319135964
0.034952590683001813
0.007320514484026528
0.0034376980312699366
0.021362255444376553
0.014039119885461401
0.010654903204065886
0.01278271288136467
0.0042447972461310424
0.0235964675485541
0.005865029861383483
0.026270744176301868
0.04081878434552514
0.0033580551108256217
0.0015469231680840991
0.015760280003839593
0.007415977109763085
0.004855987275085368
0.01813244975572101
0.04105503832591039
0.0044722751513502175
0.005492574393750144
0.013294673031892149
0.036144597429881645
0.0037491219145131273
0.010242431950096156
0.008620390460219849
0.009347539436082679
0.01155379067834316
0.02032014122288702
0.01184479389264597
0.011611834201339802
0.019877797927536904
0.008905728096108428
0.013768707412620193
0.013758371543155474
0.015977744162596206
0.003992551067761046
0.01731359661992389
0.016793594231218675
0.005712242450725972
0.007906989492830276
0.03185509224237441
0.010215487082343254
0.03046184931425043
0.031850851927787964
0.008721876267905134
0.010990996527553872
0.011944753240397323
0.011347474401236837
0.015743896758155792
0.022303893479397194
0.026239647188276816
0.011907393628388118
0.0040196593854073944
0.024055174022437308
0.03356141927213176
0.027741749684551245
0.018143953794482137
0.012655677870776223
0.007127259984703312
0.003575759156959598
0.011967659505926322
0.003947476956017208
0.01039359967555948
0.004626095760773756
0.019463880856352263
0.044232798429086125
0.014674564822830395
0.0046348612287124315
0.027192542937305185
0.018717259340724386
0.018754945446878345
0.014085492011793377
0.011050397544069347
0.0012145478534327393
0.01548565380516894
0.001973388702168356
0.0067568488834576935
0.0037812855640489396
0.006002460753259141
0.0076280361044106446
0.005418693506063946
0.024686598706758028
0.02887788769704098
0.015167049971450769
0.02554040312660078
0.020404841500225663
0.0030438788815950702
0.002823032031210891
0.018282930430371738
0.011045557790500237
0.0241061140800616
0.013989142730068474
0.008760826574605014
0.026233536044700263
0.024435769635426412
0.004697700813328432
0.015777963831546046
0.009631804070786591
0.015872190028798062
0.009652050915080942
0.005557096815693663
0.02547611495380932
0.006437853810082836
0.03690889701868451
0.02430923565640609
0.013154393862071768
0.0029691132805123883
0.0163458270782477
0.004947888270830729
0.009414588264835223
0.004468297446191137
0.007609009523607463
0.03653999264469185
0.008197736180232122
0.00537275428194064
0.021006412528787963
0.005901202291072941
0.02489243687036889
0.03814761463382366
0.00940429946394948
0.0069136379683384505
0.01919981673259165
0.0035559850501852373
0.03995086832876065
0.03937866037474528
0.004140334479305642
0.0236142573651562
0.006241314006243299
0.012220378865953644
0.006352738862431803
0.005248422319398963
0.0062365756916916894
0.02149655955459661
0.004030859539185957
0.002438086291793252
0.025092212113968282
0.00899844199625141
0.010248371968331716
0.00699834093561265
0.00891998226321145
0.004555703490150598
0.0006463546238530227
0.006740706177486296
0.028018916845609407
0.0029204014749509787
0.021984098229904048
0.0064232392345924235
0.025824821952597374
0.0021633169872720213
0.0008628631010656205
0.03312649039429762
0.004469438970405567
0.0076685841703967505
0.006571686789566794
0.013157564315798006
0.008044819448970666
0.00958130822923778
0.009532450405400817
0.012530303566944897
0.025391379922075945
0.008706364351811987
0.017955506711172922
0.012069111174461017
0.03027189542739115
0.008952774770412841
0.004004709144482487
0.013622860930229273
0.003437173857684154
0.03078908275099911
0.027562505398724412
0.0090977502612153
0.010590424207284073
0.008555887846423514
0.015065694199884875
0.009435659547906131
0.014804209935952564
0.021370255111367333
0.011491248731304516
0.01455457791656548
0.01603801743181262
0.008254173196114531
0.008271336444628765
0.010948835620958788
0.011592727194697608
0.030513142684982376
0.017690778041653
0.01132100450974952
0.003586570993470212
0.011867778712610145
0.011265696147002907
0.027780046814068003
0.03959944154738005
0.016750732693296577
0.01752564323322048
0.025404301435312984
0.016011798106453604
0.008007249152635742
0.008364632238074408
0.009692993236567362
0.026760817831756364
0.0254353221095944
0.005812925157961195
0.01677293830877912
0.018615404428718507
0.004088875992519391
0.004095930603942019
0.011609084561971253
0.016990263448944967
0.023557760986730607
0.0058653012972977505
0.021163250045078963
0.019263824496579814
0.005334281933211062
0.01509550344274524
0.011808034233959623
0.02430484479341688
0.01357696558652332
0.01179899610760173
0.030714047755164915
0.00570599446559693
0.012116794503749877
0.0062638665583715355
0.0032656441134763224
0.01330396306428812
0.009086867898386492
0.03273109550749484
0.004147175401480727
0.01658684927036592
0.022646791326755938
0.011676698201304849
0.013560047898821743
0.012180317828083709
0.002805314136854249
0.013011181491888091
0.005770178221789738
0.009419727420842145
0.031220096347293974
0.03044441384819946
0.0061247693700570306
0.02035657656074273
0.009368453174037217
0.010579283441689898
0.01908419725550405
0.02337080433320232
0.01444643148152899
0.0018219806499412817
0.008996573088034497
0.00917017579812808
0.013959931769295985
0.009274579013567886
0.0020291182982354952
0.012051872867662648
0.008980223161034478
0.009893381752635103
0.01978909125145252
0.011652644799879505
0.009797584242754636
0.008421699170196884
0.003292094046900833
0.01718795316443407
0.003958287413912075
0.0015371336976684703
0.012484657249267951
0.015013860390425737
0.016421568719173798
0.017275134099602026
0.004811992269565842
0.00320751962965549
0.014850797957010796
0.0071690910314497255
0.022105598118015768
0.011740690967878928
0.0042697698953027725
0.0014214707032713606
0.0048238912875725615
0.022702554367886044
0.013509150583909599
0.020822105382904087
0.015170341694567194
0.004978375037748096
0.02364844719948661
0.02458144334923061
0.024383770660481564
0.00485017324239424
0.0263958338943273
0.019797960224086385
0.0054736676363687595
0.03373975259595383
0.004024163595998207
0.005867877574456371
0.02359151211664746
0.010507963096927298
0.03151316178440216
0.006636279486011885
0.008130189170431233
0.021906600796010797
0.03292230254697276
0.017213687957899848
0.01157357476804197
0.011951495098703684
0.009464753981933754
0.006143413780476653
0.010946462965026483
0.013541647392722886
0.0035784956257253185
0.014243520279500705
0.006790671389588387
0.021038330419717553
0.014387091395630214
0.0065471765498963065
0.014376520266053268
0.008517429860222909
0.0018007582087957632
0.00551108456411607
0.01748581628088442
0.009792322908403265
0.029139202156984137
0.014905233502359257
0.002956656973503293
0.004288296150853271
0.014366001359225394
0.020411533858406904
0.020513970474572072
0.021557881092213706
0.008525495241414126
0.009065955248090637
0.025990377330125724
0.0031117572767077944
0.026567872192527358
0.0065910821070027745
0.0055755637217367975
0.026020439412104846
0.011978664620334305
0.01763466078010498
0.011230642350249197
0.003924977413009735
0.014401109989127414
0.005198457543166198
0.02604139428051224
0.031727078791705804
0.012429899518973461
0.015086599070544996
0.027075524517663634
0.012413097510148881
0.017949270980307408
0.010007291222336217
0.0073540952261522885
0.005169098831930666
0.0052429971875855635
0.03512710251121222
0.009956532638464488
0.001961825024462948
0.006422860253097431
0.014610081887642061
0.0020364926748951523
0.03860010873799277
0.0026545424093837866
0.026576715202560476
0.018775524563257123
0.003721992974639555
0.014225010973275864
0.011990226681808176
0.004272504599300208
0.009277970692652293
0.022779270166874824
0.013352108582677045
0.00398312994900196
0.03416267056924799
0.009075653252084037
0.0026037958193337865
0.03897599998218531
0.007784126284624778
0.007410288023109455
0.005495985369440585
0.011381128919236393
0.019698498962854062
0.00852462778172286
0.0035199771105878484
0.014845979431904275
0.0373145747104346
0.008538704359867524
0.006064638396084995
0.009836330100142142
0.0045506875684298035
0.005036576132017578
0.013472851385714094
0.024168461244878245
0.0037205799472217822
0.015738570520554447
0.0018705700340539422
0.01862840165609731
0.006483610761540856
0.005084690330681857
0.015059102159373162
0.019158887734361845
0.034701678368656494
0.02181696443262158
0.005747779156087034
0.009060638723896225
0.015137405159512202
0.016237042900348705
0.013652672495784161
0.023936141581626734
0.00999394196609155
0.024081760264508912
0.004166216396020051
0.006394921300419819
0.011874926055921033
0.0028671742193833306
0.002871938054361436
0.011042611651752129
0.0037873809965603264
0.03365743455106914
0.0077669665538458894
0.0066296494279868496
0.024594913738465084
0.014903980096487952
0.018470691444705176
0.025961739528823073
0.01482047985379402
0.004501947445320233
0.008852132604187813
0.013334669603336131
0.017079094736376196
0.017603377303268993
0.001752789294200309
0.019536759624464356
0.008367864066981513
0.007950317016244329
0.005179104135341521
0.01274168234397641
0.0029052661831300555
0.012865333020695171
0.01719922611756241
0.010525756696448781
0.007529850529722347
0.005462941164029564
0.013351152251553103
0.00392523384954318
0.028821886269898993
0.006119456207142364
0.0019213114453532922
0.0062005920889369156
0.01412346104427957
0.026757981970127645
0.026767178917013516
0.02262751854908287
0.016977605602093687
0.014239165383536218
0.014350248557150442
0.0103750005972714
0.011651975716627686
0.011285011211101918
0.02881274641308158
0.01594244745782168
0.012209069793905352
0.003392975091036055
0.0007521830027802092
0.009386351494410073
0.010353226657603744
0.004138391387259653
0.009160376836093114
0.022311764610181795
0.007505483822503382
0.0046958548247677
0.01939149056977376
0.004164661001863352
0.01846334392376427
0.014997211170741029
0.010595229937111988
0.005401981434519113
0.009426062175216555
0.024096296063443698
0.009268212605244509
0.012398481805870528
0.007327877903206055
0.009218376206898245
0.009909653664095294
0.00453789145070478
0.007781526861701294
0.031347752013314946
0.0232792940608793
0.007439317505475204
0.003848172963195155
0.025396162213373975
0.011253842891982935
0.005895764773580521
0.0035522562817623376
0.004292059324939926
0.012413384310098325
0.024852243425699753
0.012973752793926147
0.02463915057034461
0.004544857039523887
0.008472964533022874
0.008588924249773377
0.037477551317599875
0.01582072969498549
0.007989610870724173
0.013998270691027482
0.009239111286449225
0.015965283847462215
0.01286635285550779
0.006632786559721048
0.031141269337067255
0.015152578899289988
0.014789233044988342
0.0032057765962196314
0.01708785186190407
0.007266204499268569
0.02053238219574583
0.0084412152554108
0.0028213331997917024
0.013303591717168675
0.007503468310354018
0.006075388610956435
0.010754383892453426
0.008437992093692896
0.01856611517254715
0.021584814054350233
0.016667381098637413
0.01616755872760174
0.006591379448960066
0.009915451935455101
0.0059857108767956795
0.013991975873755405
0.006005283002277949
0.02621866020117778
0.004991979453157643
0.0044056023167949815
0.005799398749465161
0.030759310241547166
0.019889329419616436
0.00847312823466323
0.012224039238464718
0.013250332824537057
0.008616222266232269
0.009865781800826085
0.01841958648270345
0.013122040051393287
0.0163596479689311
0.03847811924834847
0.006079212622216968
0.002157464219634122
0.028806052548871378
0.02129310598044936
0.009227826199920557
0.010815121330524716
0.008361951049701418
0.007541918667024369
0.013373164514341923
0.0041106081874554
0.012511968622133485
0.005497158006184742
0.007323603979334687
0.015706843671970054
0.00429416618008565
0.02068055832311906
0.01285031110012506
0.006856905897497229
0.009136787040430297
0.006623311189335667
0.011797789671132078
0.0042544586649959385
0.022644353999004656
0.014668273727213865
0.035220618833503796
0.01946489026881261
0.010009427002464683
0.012390295828402141
0.013058494250403034
0.02787803999765364
0.014502559539933362
0.00217708599898185
0.0052322953468042785
0.04019150906833063
0.009337951021230452
0.006254928742127004
0.014491448856049138
0.005882509344204841
0.002850732181041295
0.011674054926332595
0.005739620853555992
0.020203830244253648
0.005224501939722104
0.008755942953407978
0.03618264537184886
0.006555702297066107
0.002528575662513204
0.0027291813989662314
0.02297524409360896
0.011917934433918002
0.019614944673405632
0.006874888378160006
0.037671653474821286
0.016064940835875043
0.022896660369861283
0.004594102846058927
0.008140534831981188
0.034378504147002165
0.007377916439179464
0.014167626926892989
0.024420217833010297
0.009065302451172735
0.022834881990295892
0.030997764023201032
0.02403280253811372
0.015152362521864499
0.01583570265819849
0.004682649301192134
0.04027087146659197
0.03681950424956757
0.009110364299698671
0.01925015568999348
0.0059820120424395
0.012150825453809374
0.03043104757049509
0.005141049013070782
0.01964391490164282
0.01959948529848597
0.006525371836051324
0.0016318887506896265
0.032184008623377114
0.004664839319148937
0.007310657081937053
0.01714903079391574
0.018643062027115773
0.019975474668268982
0.020715806716570705
0.016594874732356785
0.0032217093431245016
0.024162770850180704
0.0017302221168727914
0.01671772510249352
0.005972505781099373
0.007233325614144552
0.02011479272426158
0.015157771320620551
0.023009238951939712
0.013446860679552822
0.01204266132974946
0.004115760717716702
0.033104179380675426
0.002981785070841925
0.012957529967438541
0.024654131203989082
0.0023590351848229033
0.004324826021071754
0.022469433512274012
0.025378550869965936
0.034120250390398635
0.006097716307159478
0.004914152507183593
0.006249263053471966
0.00727339189063266
0.02350096336623169
0.03244699853044951
0.009185738380526295
0.008164278050534147
0.032048551119752425
0.0019080633150228392
0.02178417283295961
0.025711596535508335
0.014168660549998487
0.03696050973884675
0.0038698127186648323
0.003900513297976888
0.0185151919967191
0.016518278600764772
0.03210851728983257
0.00713497992106758
0.02268513998569878
0.0021787459401761693
0.004916600894637072
0.0064006932640468155
0.02357009024638157
0.0016582540850882954
0.0061782758978654664
0.030956068060512827
0.029158867497848566
0.01827136786525795
0.0032110417307680264
0.0100190599012052
0.021664605920871594
0.017204223623019366
0.02359862464560407
0.01902165860878121
0.008391407281116307
0.005086986338878612
0.0352750157171186
0.009935678947312917
0.009977786403679915
0.01505255336484486
0.0285481627278671
0.022604301633156146
0.017364624893615205
0.010571465257924495
0.003000727201193029
0.021554116337444338
0.01452559572349022
0.006138332210679935
0.009918430875644969
0.015307502640144218
0.004358957047703978
0.007597678102804761
0.022096331115591172
0.005242100073288942
0.0022705297277724242
0.017334695451690113
0.02202267037318637
0.00536638326597022
0.006497901537897786
0.016473147791411288
0.01585384617290931
0.011910153907251562
0.003328528594484537
0.002681026604438767
0.011839350711418783
0.030757941830026364
0.009188641564998986
0.0014766603775622535
0.009067996024045365
0.020487039273406716
0.017818042075176843
0.007723408660627901
0.011391758363893676
0.02551130007548805
0.00290982907952319
0.029462087271694727
0.004357497374574465
0.003951624417395976
0.022421857740140314
0.00566050667826083
0.005329956414276759
0.004870471267417749
0.009176369166273405
0.01658861536301826
0.0234270220895108
0.009710844774885496
0.03516687924028058
0.030661722509554883
0.00754673373964059
0.003246043735498647
0.013056944293765327
0.01185158519520152
0.0017639393094628364
0.023123756904324742
0.016607262823555985
0.00900685097981073
0.006364734117227703
0.009439993390550612
0.007329489441453452
0.017663443374664887
0.000996327121216013
0.015780922495321724
0.015673926130123816
0.004888761867938176
0.01285934257501687
0.011265437856967087
0.0003802988100644654
0.0034581262288526527
0.01286585912135789
0.012552377631310264
0.01906472013422341
0.01532092639623706
0.006927673598933529
0.0045246884598489105
0.010256467471026055
0.008851052817315838
0.011807949497025318
0.01931834877032068
0.0035870743487627548
0.004746524600315411
0.029806333468943857
0.020056352608392895
0.02772499785648591
0.004588380116107947
0.00425074721643837
0.005678717826122066
0.005361251896773597
0.022269568996173356
0.005956403555038599
0.004897930282068518
0.002733533278560853
0.023590075401769203
0.013886382146887028
0.01081403089434982
0.005369132166350938
0.007346923336529844
0.028748992955141557
0.008588225283985364
0.0078089485080845514
0.006858252577799789
0.005725177844610091
0.009025754188584867
0.021954950140325242
0.017311380575741907
0.00871305742814707
0.01720935720082826
0.009848971064674009
0.017924036220413678
0.004102483626641188
0.007521239603420993
0.029090087181673333
0.015196822237602717
0.008935759252623257
0.005243755049752603
0.0076007665603047905
0.009082304168084332
0.011867555084597544
0.009731603670711825
0.005821295778936582
0.006729114663951141
0.004658402578992927
0.02193736059976609
0.007108685993383491
0.0041844664436398605
0.015092892032131296
0.004488157104590298
0.027010353279896794
0.019848798534088635
0.011420150396108783
0.0021145745305340465
0.00490420466297694
0.02471729590119047
0.023597187100561554
0.017780195797692366
0.029948369067993537
0.009068663083644086
0.02414284514125229
0.031336566037252434
0.005416568111120975
0.004217319694649369
0.03692704973838061
0.015661494676483655
0.024565934079178946
0.01600638310810144
0.01032372181491667
0.0009788143524083314
0.002726526280082863
0.006115275509960389
0.015319127629446557
0.0074773927739545595
0.005930015590990604
0.040629083967486386
0.017255896227791542
0.00869399230838215
0.0016863910322077592
0.014522211229453597
0.010334296092198637
0.0076766703941470804
0.026965817119256826
0.004210463609723585
0.009914232529612453
0.006443010240941293
0.017907440905017134
0.004404195480438898
0.028969873309655596
0.021173609543140102
0.017705459987868856
0.010042798839946257
0.009499363648873745
0.006443507271126794
0.014958721413341251
0.0036426783839723018
0.028025549788082433
0.01713295337460156
0.012270685966735324
0.004212251504314605
0.004381567698892764
0.004937743588281174
0.010317435861766665
0.004040463391738622
0.010287566862417438
0.010002776155844436
0.009822609096085622
0.006428924568363243
0.03248573018529025
0.006357344476776253
0.03261889541560204
0.015807883638755856
0.03170833526840201
0.010836541615525351
0.02857026335207976
0.010584297879969895
0.027945044921431912
0.00627281835842532
0.034110717519854054
0.016724521736851503
0.004659753232675963
0.0027974205354336606
0.004552186799219484
0.003506115714801066
0.03029708811419876
0.009970974790777302
0.007706509325612974
0.03444790488122698
0.003975191689175662
0.008896187811273321
0.010466242080161425
0.021213880851344062
0.008923186735250636
0.013547205745764023
0.005184076275330903
0.031525070592488234
0.013178223665502201
0.02347054986359691
0.009521215131145774
0.006558727137243569
0.012483890118991516
0.011936962739121974
0.0019256030912522325
0.01742463222022609
0.008825522281906412
0.0047205508566755434
0.0205448964907851
0.003972980024223499
0.012670179503007247
0.01946598853415956
0.01645766280126968
0.03670168450338339
0.006474119755663721
0.004065348256025638
0.012198056213977817
0.016089605430150478
0.01443599365402264
0.018058242313016015
0.004190638574850261
0.023542736078809533
0.02463827964069538
0.014718375108516582
0.011096579142203952
0.011105471016088221
0.006401072410923867
0.004102737634650763
0.011557757936255922
0.006330093761232894
0.006782901596111914
0.004710008334802212
0.0035598126668478234
0.002524999735693384
0.00750924444939296
0.0065410069432062234
0.019304283078124738
0.01658281268650316
0.016875317998862015
0.012739019743525527
0.003165035888742727
0.0035982616158803027
0.01580218658622823
0.007872336796608537
0.005542454719212083
0.009318409445893478
0.020488117645579198
0.0042248282033564444
0.020658111865055825
0.015130837650386721
0.006003338262482975
0.005450412154736647
0.0370418185961119
0.012591582550947748
0.007014087165641396
0.0026760657099040358
0.013929179051569408
0.016395245169599844
0.012962768601317726
0.0030381462859181097
0.017635133235495388
0.006701618171347963
0.008624815739328696
0.022457752558677248
0.02083487194026266
0.007350884870102399
0.04432904139067592
0.015575006440270711
0.009459545845777335
0.007109938805743825
0.025431856475432935
0.015962510651113107
0.013961556400173868
0.024566086141340728
0.01700277266449531
0.027025278468165156
0.013793957623218875
0.006900186862795635
0.015431008079306554
0.02900912325593126
0.006283715672549524
0.01647212372105369
0.006906994464595225
0.021231059777573582
0.027125907754310702
0.03577735630960841
0.010137450338683946
0.018399985977809955
0.0037477634040627744
0.01686754091613966
0.0039583156083964795
0.0008803986646183483
0.014089590763304717
0.0038238039995005697
0.014320824953494349
0.020192730024078412
0.018098229379614583
0.03275405916491542
0.008083550991018968
0.01879721914499013
0.006616791353710596
0.004579518899013167
0.003156775550073364
0.024121158170963167
0.0062587456739707885
0.008582686459364428
0.028810829483383746
0.012405518989972006
0.01730941158064474
0.0055562105511917466
0.005193060214988062
0.00557245239879112
0.0028358383097551116
0.02184697771020158
0.012468351172761
0.017452090352276853
0.014260703119001877
0.018093927794958053
0.010271801944396489
0.006862621363640355
0.009689623123151341
0.005162330556436868
0.012441442337318157
0.02660192183155366
0.005735094346938287
0.02613821796078945
0.030263140512913497
0.04070778631151319
0.010966539633937185
0.004876619525897112
0.02159639753535795
0.004440352195658748
0.01779275709210774
0.022324302882313758
0.007820360843422431
0.0018208187326540673
0.02393886206446512
0.028312969617784556
0.004826513290274135
0.001604169364874541
0.01303674510884946
0.006473201144545251
0.006653062592819343
0.008902895141198084
0.025024069158035386
0.011384693401049313
0.02954427894558862
0.013927238122336713
0.005678472023294462
0.006570170263286665
0.015108794252400087
0.02170405606787536
0.009229175802681773
0.010943210760804263
0.00816658381142786
0.003913760336758913
0.008637500426447519
0.006666470616886744
0.004975939650580195
0.012404022364068557
0.01489268866544001
0.015118494398116982
0.01016437431430239
0.007350134712198185
0.0030772572988973365
0.006228326862226975
0.016479022884571603
0.017650202316605138
0.005044429902579192
0.015541525825966438
0.002621318904457054
0.023512516826464935
0.01763406786740453
0.006411570654479488
0.005598891662472707
0.019468320639273732
0.026191165070783666
0.009164705706243111
0.006622391306533189
0.008738794112253305
0.014600323192175814
0.018134063885352672
0.004492518443247647
0.012712402573183585
0.0429082891507381
0.011922612615104342
0.021085173325357108
0.006031018472750524
0.007924784091621343
0.004151071881309279
0.004331319523648328
0.005200694477538558
0.012529186067838455
0.006474416889893128
0.01693667023984035
0.02524812574175079
0.01059031987700661
0.017025642481637075
0.02831711130620314
0.021669755704380008
0.008561415765802861
0.01007057560530499
0.008331136742150334
0.009558076719038723
0.007973270235218327
0.006289651536798245
0.004506863961590334
0.013966362480327992
0.0049162076584335825
0.005579324673960755
0.007338147856692408
0.022380372371937178
0.007566516841081687
0.01094138741930286
0.003174426482578374
0.004376768815034583
0.02085773083690009
0.018775398593216006
0.0025750125506743445
0.01358505862620392
0.031481095144144364
0.01329269718934613
0.006827766421814025
0.010684400981813991
0.01986586614772591
0.0432521648787622
0.01359376520829063
0.007362616831154704
0.010549583784274293
0.01927844059063675
0.005131085863676309
0.02367017856509061
0.007060431067425921
0.007279180202773519
0.02075784678780676
0.007995508194374062
0.013045214316463024
0.0069849133895043426
0.04057296528820178
0.015744835258348296
0.006779456755461282
0.013604820917474851
0.009434859909666972
0.008702110919724337
0.006558099636843802
0.011952401895474935
0.00031606910536184727
0.01673256308417715
0.006867563310188692
0.004201732307317808
0.004836695741543329
0.0058183565869599435
0.006282084644051367
0.011009549717298641
0.010860071257610113
0.0042720194824016205
0.0036817324103431553
0.019918526224902332
0.014580976136043236
0.0015748818457795369
0.02959057990486048
0.008570009791204354
0.008986269100079868
0.009600208431112808
0.007621405211699473
0.02718012981172997
0.013808618169755468
0.0036529135768222205
0.004160218890324911
0.019095828766813497
0.02750391570327962
0.00898023013655562
0.011489907134009646
0.01455186144997889
0.040961946226667066
0.011599224624929487
0.0293130613129524
0.006713268735229652
0.011795043579263927
0.005526176548584862
0.011037738922397365
0.017088705277422067
0.039135404520021254
0.013926920297393779
0.009174282918910369
0.012482980887142048
0.0323448748099968
0.014625270638464647
0.02837822476644049
0.01889214773862326
0.0030275620207341606
0.002396418527014934
0.004589600843127098
0.03111474788088868
0.018434667200636787
0.007057888224057181
0.0034187593400249357
0.019161988106418525
0.017498206732650144
0.003438537380344923
0.006318153529448475
0.0061501009314721515
0.01687066425195905
0.011374792250471909
0.02819814749468988
0.006961137885105401
0.008732745807591136
0.005744906350811615
0.007633012144466012
0.011213611466940587
0.01155775583630763
0.0060417303008411215
0.00439523425495302
0.00507954389037043
0.007247902448552427
0.023917988055705327
0.005902850025194613
0.042293524564355464
0.004060104962502987
0.015260940222279197
0.021462640720417054
0.0274162804565072
0.0251882688237818
0.004032021027249328
0.0171198036171415
0.010232150146797571
0.012547364416672344
0.014604664668173947
0.00493943112312702
0.008319105174284563
0.02233667641193659
0.007175462559178906
0.0021914703597250493
0.012047786064187854
0.007902779515016318
0.028270916860589378
0.020689977391959026
0.042978432444079104
0.016286644242489833
0.009076017392829925
0.01036224808966882
0.022572113012445987
0.026637627802302097
0.0065092628123249625
0.002936144590252256
0.005131454976720619
0.014434715633755061
0.015256419642373665
0.014782731180718416
0.004423577413253395
0.019670226217629795
0.018381139933292184
0.025237891236576642
0.02475692664105185
0.019604847985587516
0.00663807406531852
0.007658407499948894
0.004081887930676098
0.012636273672858174
0.013760291373105705
0.042065532426858294
0.003529949172112518
0.002759912672112572
0.02561348438632013
0.007247572045848739
0.01556158293102974
0.011840426981756982
0.0062096575105525945
0.003927014583862516
0.0015115336286263556
0.0024000665908020095
0.01855267055023683
0.026426027436902828
0.007329515969393425
0.020133822240502433
0.005678484236411036
0.024774952864108458
0.02262405197169915
0.011330680524272108
0.004084779573473338
0.006362258067149244
0.004164773687129891
0.021956853749299454
0.004959294615085728
0.009456326054236287
0.019904482281524832
0.015192284065765681
0.005305126402202275
0.011218366237685677
0.0067818736618495724
0.018012865105192084
0.01301365902856688
0.0170759984523091
0.0010650936541127184
0.004735380947174106
0.0037917967639413243
0.02613055747522294
0.008028032505455019
0.005826262065682159
0.0072867208058700885
0.0036042797369191387
0.021870189234579552
0.032887997418475604
0.014036503858895447
0.018566137493250194
0.00273941858856861
0.036650228174699956
0.0033766504318740657
0.010032708640052188
0.005642289763914902
0.01835113123815293
0.0034452224597121273
0.0014972917848010063
0.008360005541646145
0.006055524456647643
0.024443040552575474
0.011652397577167864
0.012873336264655345
0.017768601800909094
0.003631814844115324
0.00527420409183968
0.007783439861144924
0.005255474363125683
0.005720687769697815
0.005288539496583875
0.007335595081626044
0.012472960181648025
0.003967153762887349
0.022637111805291456
0.028864975315665828
0.01242535626608141
0.011615191341649825
0.0035882910740475662
0.009192926711318552
0.01510126479115734
0.010546937157234
0.02881340398280735
0.010228369708442346
0.001460765536437634
0.011667399654040829
0.0064084366172131235
0.027492558374185187
0.006686316271720235
0.0034823846190375823
0.0074237711113028385
0.004070924021415377
0.007019232357212715
0.00550101792017548
0.01076466917210751
0.016861357122032322
0.0033103770371274025
0.014973801598266586
0.006460599082010301
0.009670167155910254
0.023176327152018717
0.006658663186881788
0.03980584500011025
0.0254875508997465
0.010130438871167815
0.013211950934424711
0.006514200711504151
0.004187284289405166
0.010196975672186293
0.018709949534320345
0.02348678199570898
0.011045836668254143
0.0061309271150260525
0.014168132449980957
0.007865037199511609
0.012310251578124818
0.011087417080400926
0.014467633920920023
0.03502538516761488
0.012079437694926629
0.009137252097604406
0.00982016615114523
0.003768559957728131
0.011884367927314343
0.012481005150993936
0.0076213918441666185
0.006811430941325311
0.022088600645654457
0.009435764612715638
0.029227326518946717
0.02540961320788554
0.0026668283681522435
0.0037999997142534134
0.009136322506382135
0.01069562324628475
0.00776618053818955
0.011476023827260031
0.01747094310995419
0.01590930424794413
0.0025543486940878637
0.014549034181798854
0.0034788562147843073
0.0063432513767266285
0.007170303469402454
0.027748331059564025
0.00541096928707107
0.01532205300245465
0.01389261303226659
0.006619259587113365
0.015049541454266725
0.016121384564725935
0.027044494996324376
0.004699756714218935
0.00671048936919086
0.04112307523602347
0.012733131245214715
0.01935168596620971
0.014322455218940818
0.014590649862416667
0.02256025831545724
0.013147422860025383
0.01510660748647573
0.015514213071504072
0.02837345347334898
0.0033622931235527944
0.006436299496452294
0.02279607649849297
0.003151354414234985
0.03272107248078714
0.014823633073989984
0.023144299276052376
0.021033523598382314
0.0036659763123842756
0.022131529531019413
0.015339651463344674
0.00701056007624643
0.018730091375464483
0.002981073816503807
0.010800451121492655
0.009079672445422241
0.04119254577091156
0.01546825486625725
0.007938876906858192
0.0058881150235753875
0.02256520632990723
0.027168702924875936
0.0059804533996703334
0.02400379744747287
0.023962099708208773
0.01394464227687355
0.012304596870064965
0.003329403709992824
0.026091994457730618
0.010966914367826028
0.003948442883934338
0.018101569326249643
0.013367712505890398
0.02188850087181404
0.009259709148046849
0.003914726359475593
0.01143570652106727
0.028177617398250178
0.002604961995544425
0.010266076352444335
0.019063922487030198
0.0058015117719931505
0.005294220016654666
0.015092120342405362
0.004969689990556257
0.017803742756127554
0.007023687513676295
0.018373719759812987
0.01407275211012167
0.0024313359813441593
0.02915460734304164
0.03476379338849002
0.00950711644787994
0.03397877426139491
0.024308238426131258
0.02563407840040139
0.02807395702589993
0.025294011822392846
0.003188258513301072
0.029783049149058737
0.01443387481428608
0.004723381346563008
0.013948629434708282
0.004243329761380871
0.010301761274782491
0.006609089735687312
0.010808320064946624
0.00349927367343837
0.01182454058229301
0.002465673282906356
0.0049237323267041075
0.017134656960397336
0.004843034179826027
0.024367149112916795
0.005805492293847416
0.02633014039654906
0.00610606903145204
0.01010264717633428
0.017792536479908673
0.005439559625559376
0.0031433186793675197
0.004734672346471794
0.023691896072904454
0.016661906258848183
0.013516398341824307
0.021566935405582677
0.00647181898648322
0.004349221942525313
0.03002384981305735
0.011077086549143512
0.03226774535791179
0.002972807521082612
0.003772208523973427
0.003930054022235336
0.011357921707498147
0.010056357571330082
0.027167927200405687
0.02115880647607709
0.004338618133094282
0.016580394962770476
0.0034543524674005366
0.011948252433831432
0.039902122283885344
0.006949594950254646
0.0066461188050406395
0.023103049177455454
0.005449282472457484
0.023320255896263475
0.003909866520078787
0.026304020832111627
0.013517935583902116
0.028168273090983367
0.0061648787128108
0.0036943499534481633
0.0078084871651932265
0.03451506806646934
0.015133811724161025
0.027214305106135532
0.018444200408628666
0.02629121416555181
0.008211809579099024
0.008398565692697918
0.036536876155224295
0.03196774454094227
0.00934874455741529
0.008554207699444864
0.009293925047842141
0.009338738990092294
0.005511225284142711
0.009396396858084126
0.0220481936390215
0.021255257286739826
0.014460711832858245
0.03625615568280231
0.004559539013756428
0.012883852946394818
0.015990477290666782
0.020346251673609077
0.03157767362597971
0.02046033356244693
0.004619906719379588
0.0026247969177395965
0.013550695846104587
0.006369137044679537
0.01730804368623726
0.0022421880086429657
0.0028109945588657174
0.012743113105745598
0.01433217598915417
0.026434510812443062
0.018036095119903842
0.002878869083940287
0.03948758875604787
0.004673070468616286
0.018431513687524152
0.018936777130321342
0.01254196313581872
0.02908353099242615
0.018880586824510923
0.030239307522572045
0.0049593281561118325
0.029444458900316987
0.012278317971173644
0.013232167062026326
0.010770725467540918
0.013182759646953854
0.02399726674925923
0.02281606479630932
0.004439570115596401
0.0047936595787736605
0.0068526465834440175
0.015736910853639357
0.019946912032691805
0.011872696601236398
0.0065882441326111
0.002547298438626073
0.007363163694243211
0.011380919782319036
0.011040604470668756
0.0021057321582535434
0.0172083520379594
0.010858962764299498
0.02091479147501766
0.017045185590495608
0.011970089481783033
0.014950517141101693
0.009027693945219484
0.024708487148815836
0.025687769741011952
0.010201102138952877
0.00989238250134564
0.0030698844998959247
0.02075266496092421
0.01637776002178864
0.004466387246782267
0.010426787922822048
0.02634317987345279
0.0069293559604427955
0.02129319109530095
0.0045021754042940225
0.01975222545280286
0.004173867019445444
0.006931768631043498
0.015159175111035128
0.031731351247684704
0.016517951754070215
0.02911728274310528
0.009038754442456115
0.013292977090838256
0.01441815639761283
0.020666697551055067
0.0088304367883586
0.034631772714068365
0.018765709133799983
0.020200282513794472
0.021702093837387682
0.03190028280520588
0.011828802961767622
0.008642863181049253
0.01221954699834691
0.011023444033779854
0.031129160622490264
0.021760171309023912
0.01241534556310946
0.027262152341044288
0.007576669263860704
0.03304095313053831
0.01763937596589506
0.027445474319786882
0.004186912972740051
0.033381441846940176
0.009303511734655082
0.0036047640946124337
0.021890915896058447
0.005926123013170978
0.008622829333733373
0.013809011484509687
0.002499983250511799
0.012793140248066994
0.008462048808214362
0.029196464069548095
0.0042057314013470536
0.008359362841861936
0.004363961668979311
0.009769496271920705
0.011350308628222092
0.024412804435445308
0.011529643359284272
0.012032087806429198
0.03975156644806303
0.007726878020954087
0.009197291061974427
0.014836645689323186
0.008623919751462015
0.01005235901085369
0.015254537485928638
0.005589141995150938
0.0244816347520413
0.02748085945792883
0.006960587106807659
0.01125594706621809
0.007184182616470976
0.0016461036194418618
0.02810685144737594
0.0010301494321913046
0.002547471616390481
0.023927661880680857
0.010247288561004356
0.003390472517861836
0.00965642676242063
0.00222873545243386
0.01958112931132594
0.028758737707443662
0.006035816170575717
0.02928218475698713
0.005574162546062771
0.00790464008593518
0.002570865113097537
0.0047480705272878385
0.005984036903681139
0.007410179187859972
0.003214067095950038
0.02244619337740554
0.00880368686995844
0.01301419374396017
0.0031217944874467538
0.0038720875262179804
0.04013446878147629
0.026038946689461592
0.002496962316320536
0.014512451531133124
0.007813528204524491
0.007262567526550019
0.034206662399402406
0.0051252554444125
0.005651801075646063
0.02286098776734439
0.011711469423272631
0.01583897310759874
0.010859164837006215
0.010641424317969158
0.025172781648537958
0.0058495692310372585
0.017916857362741047
0.024040510554012795
0.007293308671569433
0.012264216900881496
0.006334429162901083
0.01806527726683163
0.011139488991892665
0.006718232763624751
0.022910415764644088
0.012605971555092186
0.00538823381993982
0.014371079375819506
0.005134856469258737
0.017749967686154763
0.020964303586191016
0.002918212774979384
0.014840239486924041
0.019315162997537234
0.01791324915928911
0.013792396979707754
0.019346567017738216
0.03404331456145715
0.014965433218338587
0.015642319352499382
0.008428260056327349
0.016579901320085758
0.025110164162594515
0.015564499954824567
0.03162379059826851
0.00418634393822502
0.00443952180000867
0.014289396373972255
0.00498298531955416
0.004695400685207369
0.022388202757189883
0.005496280685510842
0.011422737525677991
0.010709081120007487
0.004440244826889335
0.01863615728804584
0.012845720286226804
0.006116936147150477
0.004475646425339578
0.021036463489731
0.019554654241819493
0.01910528174314878
0.01089655454002654
0.013423559725044772
0.011949010725594608
0.005846928401723765
0.01155138418505552
0.005335768905696104
0.01227130544972232
0.013633597846489872
0.015913375484273434
0.020145217460212
0.030704212631852856
0.003784793710223175
0.01888747361975915
0.006645349630083562
0.011332227346862903
0.022169677188105065
0.030186070400217837
0.004556031564753354
0.008669927744679895
0.013921262856713376
0.030169533279566913
0.006871716960614652
0.00611359044498974
0.03524350794133076
0.005402509631287966
0.005201092281655866
0.004055048219620939
0.007682924317249577
0.011910812099739867
0.01735237759678114
0.0026449896360410995
0.0229104682863114
0.0037313197787143602
0.011726296355517276
0.02711751214498593
0.013237612992801465
0.01256360715242999
0.018853438572728882
0.036194199275954624
0.006630687829388533
0.012134586226631428
0.02190783492400796
0.019231000171368983
0.011067158836366248
0.022398619329779778
0.010671566989407055
0.028866548055386493
0.018139255480705385
0.01308143698872873
0.009193359529135992
0.00560240748401831
0.008456403307848411
0.027327523269721564
0.0019427723978635856
0.013292210427923449
0.007579089935551422
0.03175961845031902
0.026072630386673006
0.006585883622150323
0.014275656683811148
0.0014776107828626457
0.02524577986562221
0.01840371013135095
0.006111083799566731
0.015811493918271347
0.008535167930996998
0.009137470880916296
0.0037868610227942212
0.004705177892184399
0.02756982159477513
0.014153427055022923
0.025756041368811437
0.024362002214957684
0.010558890502033395
0.010092641207607764
0.011952091668197228
0.004644653549468956
0.027627357185124452
0.003065029085397245
0.006029368776078833
0.018507163411913875
0.008496521112075179
0.012723222617039448
0.003762593095109936
0.004923938493551853
0.010192013644199149
0.03846131550911873
0.004682228181656603
0.03197256488177391
0.0032989858207568695
0.003582478916333965
0.004133098096922344
0.003707560652308731
0.005871271889274435
0.006342874753016799
0.011979033094415163
0.00289496834355177
0.001686625380700085
0.03642741752220143
0.0027378318623082765
0.00421166929400105
0.03194558486986719
0.013141271841739133
0.014422233505465662
0.00435104584287001
0.026035266958902046
0.0039000286990064337
0.008605554485721777
0.008382653056864878
0.024228641916245533
0.01617550152406886
0.009301522132350516
0.008554460898899961
0.0009872419318918404
0.0028395162276582914
0.01963523486442307
0.035454866780286115
0.014210633397525443
0.006440281601092868
0.013319021818791304
0.006979835955276792
0.005731997443226837
0.017137867255315395
0.010888265830603967
0.014100445959881977
0.005220684279886959
0.013059862088275809
0.013321845784481645
0.0032916982406890364
0.012056242688612951
0.010499500299613973
0.008560454661564496
0.005917791960279475
0.014946835744869607
0.006332238922692799
0.0008900919192752913
0.005930391877511095
0.03049669413829657
0.014769954030714221
0.010484725058497575
0.028787511832072142
0.00971827659131468
0.01123718626072383
0.018784766820658508
0.01635536853815057
0.019912718309513022
0.014076040382772458
0.031974719722602664
0.01656702779718914
0.012224300252461774
0.0018977379952190357
0.030295711456391775
0.019845691178463923
0.003991514593795486
0.017859912828816688
0.025420970619582928
0.013396636802079753
0.009398126557081535
0.005328429727379736
0.031348985912632764
0.017926475675387424
0.0074956454299577235
0.005851202364256773
0.010688137736280037
0.02516030036858382
0.010842589275099032
0.002075272626808238
0.008280338398148346
0.008072488821436232
0.018755360206462256
0.010523178709731882
0.03794429056312795
0.010006853011225291
0.00648966777834515
0.00436496070030643
0.03022171573864294
0.01970149314873333
0.021666407077186853
0.004109236791767148
0.0066478823300818056
0.03249460540494508
0.005707896074412384
0.03321693269882587
0.011554121071659963
0.008965903805617112
0.03342889007473801
0.003979312832825454
0.008062201775672372
0.02541885171647417
0.022278661129974456
0.02341918988720156
0.023691899828552264
0.0036945485700758036
0.03572430067840348
0.01938771902481952
0.02408763039878469
0.024481318557113114
0.010709301835950478
0.011621187833392296
0.006763838320644807
0.002104172106934628
0.018064019389685187
0.0092193090509799
0.02167598792960132
0.009815981514580591
0.014921913436799364
0.005697863586747568
0.010186657119012699
0.023113608712498325
0.007162928950992486
0.03777833177636247
0.008801383391530866
0.013004147875703632
0.010284823688304637
0.0032606632011763868
0.008217483034638349
0.014860324529615263
0.007307720592818484
0.012207702539715825
0.025777625563094146
0.010569247153236396
0.029237074612039587
0.020752676925155186
0.015658316355788515
0.040971678650777124
0.008789561083962812
0.002932047024038967
0.005993989140855718
0.012980152244675925
0.002743768457062656
0.0118752051276344
0.003733757443081666
0.022894210980273708
0.001368622385531515
0.0062217424112232045
0.039419347167792315
0.012802254649416514
0.0032256734717251373
0.009507739136608611
0.011790779429435716
0.00936405621286806
0.008885381175194598
0.012054173282560223
0.019951714201432675
0.004035174596148293
0.008357819659559413
0.013947109238691534
0.014660736059283228
0.010764380098841887
0.008512154589496345
0.009067933129029256
0.011948175071088607
0.018993558285438677
0.017847941024093962
0.019101114931554527
0.028871145178174382
0.013359939166991434
0.01707627273256794
0.005509805466454758
0.01077520288338075
0.0063090459317817855
0.004219158982023271
0.011028787608952598
0.013239013276251438
0.027350908958463115
0.017770435623172466
0.005104496763105347
0.01367036467663258
0.004576336562948878
0.007386219657834892
0.0055781857038323425
0.0026366557408613357
0.019263548119470095
0.0135572123679747
0.003650027784742294
0.013427959887270791
0.01353010567763135
0.01241014867141606
0.019429411845224495
0.005434475502300435
0.005960916800902452
0.002833171685047268
0.008168722621553211
0.027625980762615274
0.012111331841781342
0.04480981261569382
0.015098712604651687
0.003631122436366093
0.010799287812457054
0.03407874139673239
0.007999735263274799
0.02250019139677342
0.002587720439099781
0.018830650308439677
0.019158676581805225
0.015895462972932012
0.00508249216619514
0.004295667073206879
0.02029576656327169
0.003536131433795856
0.00987371029968767
0.00895853926587004
0.011192111797238329
0.0032073677994766616
0.018649979312570553
0.010266784559194768
0.005893982272046048
0.013226119160364964
0.002517314045433761
0.00531722771543198
0.02224443236555159
0.010124551545014413
0.007672750658673412
0.007177191081508329
0.03561407082723121
0.011906860271467734
0.010716496912552307
0.009979984266252073
0.011410145362707786
0.007956007885643534
0.005973090520092534
0.008709440495142792
0.00606324190437101
0.0012489023822881262
0.021041006126570578
0.021893128996865185
0.0038448565808741736
0.006990592562363936
0.016769992775306396
0.01931755163696319
0.00888298383755047
0.03405463745515284
0.014114042166353627
0.004413010569036629
0.008779909397271735
0.014319592635335613
0.010017503853027162
0.0023458642214270746
0.021223845458091556
0.01327686972418313
0.006190084781722452
0.0015048968585484514
0.007202209106749005
0.0017765405216717033
0.0016888040169324601
0.0006836453713614816
0.006759129031333973
0.005161201768714732
0.0008528611121527262
0.0005807148075505008
0.0008561545816101047
0.002427508141811929
0.0021598446526114715
0.005653685881149283
0.004409162579309675
0.005354202515269434
7.929785960596267e-05
0.0031738664769340036
0.0006479856994235176
0.004074874730770216
0.0001239205402782332
0.00196985537414077
0.0008837358672546015
0.003283985923022446
0.0013289010811972334
0.02132925751957186
0.015508629864690855
0.0006778458036914392
0.003063132007762893
