0.001532024653543536
0.008108351878687522
0.008763589637574605
0.0057734633521008775
0.020990745852880414
0.015691708622203236
0.012080741911541673
0.011061866220052292
0.01072271894905293
0.0028269328844771017
0.004485453893736439
0.014485406442851767
0.005198967733181733
0.0074446654018272915
0.005511531465704451
0.004048096236990724
0.006727793343216473
0.014640078987276307
0.01238477055133789
0.016817191114421887
0.015522658008090585
0.003859746657414555
0.00886583402201649
0.0012852594797297884
0.009575984819045646
0.010113137234232805
0.006002210711027427
0.007890310378131617
0.010569158291498243
0.014780131920580636
0.007468281451124331
0.0019186815631201202
0.002547654880421629
0.003565204977494664
0.012763788599976483
0.015574960918806125
0.013157910708098589
0.003988962024218142
0.011974489103659867
0.01617574787915254
0.011899860134713607
0.009410703217269143
0.014497531725841967
0.01370357965613089
0.018042389572560852
0.02222777725387566
0.001314223984629324
0.0025284548597420964
0.006308746178901696
0.011705045076943959
0.0024124862904240847
0.005604489397363821
0.005506713593570637
0.02459698406430023
0.00888136672663462
0.008942771255016357
0.006849398385430306
0.007721415140829203
0.014153284957092126
0.005353681172297691
0.012937401977932427
0.004379927443547173
0.00793422663109458
0.005062660145488222
0.006908979472416815
0.01133314950755934
0.008793945990159197
0.007115567600251181
0.021241911538735576
0.013130700028818235
0.008919559294519205
0.0030676093249456947
0.004953632107441062
0.0021918545509681054
0.001027523969441859
0.01955603185452128
0.002865004235787292
0.016171184766225765
0.010258836337252402
0.007135876683613589
0.0019741086721910554
0.008281739458850874
0.008532823006639916
0.010788433481703044
0.008772672123043833
0.009368511151240329
0.017559702093073944
0.01101610513894603
0.007448237276252418
0.009148616496359795
0.016802954107207717
0.006350883668601903
0.004889403391257348
0.00801119056134238
0.004402004267527632
0.0032117442789367278
0.00081989135305802
0.008991994406652687
0.008205193629233063
0.000386083194054978
0.013574342913987802
0.019412830028499133
0.003983800267194797
0.00983661046330768
0.01678405162483182
0.017151656711688227
0.019298092905369643
0.01924706256958809
0.011021221246677867
0.00604862356096547
0.008194406955098817
0.014076924404270592
0.024809280398810092
0.003194729290159355
0.009453741674268554
0.0020162184717574094
0.006075087569785432
0.004590865110934058
0.012570915867641096
0.0020100085164289896
0.005168895895489306
0.011282081284913247
0.006765609353835945
0.01450849702766326
0.012185728337088766
0.008700479731684932
0.005141459129766453
0.008930256797118681
0.010557978519569657
9.159031004157738e-05
0.006073424922350288
0.015716684727829874
0.0009211314134797031
0.0031578968055542
0.004091477214323567
0.0011897559729036706
0.0096004167934436
0.0057605493828965775
0.006117115957076354
0.012375164457266233
0.01997062497531068
0.0010514120732027497
0.010027495476812547
0.009294410844459186
0.012467378108200474
0.016878595531019152
0.01636623939176167
0.003887082302349478
0.003089970941286941
0.009433424301779302
0.004334096925373098
0.023432026259345616
0.003881070924969949
0.008914636619204521
0.023228429076920718
0.007266317037463917
0.006225822150753424
0.01718190511958495
0.0070701451799232064
0.009403996496977738
0.012874570081055045
0.011338915641784637
0.01382302423952643
0.017989402562824046
0.007258210593899039
0.006823992005492603
0.0045977755236519665
0.00663193031720757
0.006086876583332484
0.0017826635140001739
0.014993965092730861
0.009159608672119103
0.004141627600356728
0.023540204021752213
0.0206030489113103
0.015346905464561543
0.014189925813641967
0.00832821283044571
0.008365501643354449
0.009703504697698921
0.012097163136060777
0.003797100377456615
0.0046549344871781705
0.015967111868008345
0.010732487270231303
0.007696875191568623
0.01725638814706499
0.001228160291850858
0.010309704850554253
0.02021180719169107
0.0009728450414493934
0.012227210946863076
0.0173225931138708
0.004824610199397789
0.00610904314804864
0.017251337330615298
0.014317051395787582
0.006301319953941736
0.006673308485977317
0.018673154591727543
0.008483362080899571
0.006105885970646345
0.023953152375446533
0.005958635139598451
0.020843884818909357
0.016986367385255247
0.02215402908482271
0.013611619566321531
0.016881306096275757
0.010468107453972721
0.010304360595315386
0.01025259886591317
0.008862504917375646
0.0009197126834691546
0.019234281728151295
0.007587646234299807
0.0009461178278415902
0.021291441939133845
0.011460315566657936
0.01531516348263749
0.018470258856388245
0.005420860461575916
0.02433071421327161
0.009761106096535764
0.018481071595185604
0.006514752711599573
0.008777493914963163
0.00796309924158771
0.0005436887372084558
0.006431042641121757
0.018133249662881504
0.017322895154413244
0.004951610219778376
0.0179439151073629
0.004281515599290923
0.002128247285946589
0.0012569225043873719
0.0023820576612904485
0.002751543598872778
0.012541341304067075
0.015832145464579388
0.0044738586011868605
0.00687720689419013
0.014369100621547243
0.003654411141430702
0.009604444413394085
0.007938684426651346
0.011132476539204041
0.005672391364436325
0.010071476585503778
0.0044021795116383
0.00018245552514053413
0.00873352224251454
0.005984714857731505
0.008457506989422428
0.004044414625078659
0.010396661588474425
0.017861638209279957
0.009618734054089483
0.005976498178807237
0.005564927573901295
0.01270231986392799
0.006183361094267299
0.010396687551245785
0.003675484952342767
0.0007020679341199127
0.021770048810885484
0.00534557507721099
0.007696253564166325
0.010181151583856178
0.013191047106862697
0.008498592910723652
0.010034028444898271
0.0023519973221052437
0.014161423068558547
0.018332831152663764
0.009779226784243329
0.011926913940912156
0.004249813798520147
0.02149063477382769
0.019790907898241568
0.008310113208719437
0.006171165475661912
0.01566647458431488
0.009339537864392435
0.005260971912949634
0.008327335936843797
0.00472123459009569
0.021586014683890233
0.010785009804032832
0.01132934604148187
0.0036416547443786527
0.007833960373465794
0.012629705827919823
0.007820585147566918
0.01712897375793962
0.004131354011663951
0.004474082988514967
0.010264012892173852
0.004156383760708156
0.010782761602319352
0.01633522926898745
0.008758279314421672
0.012380895928354514
0.018882926848023902
0.02230501091645696
0.010168624727639557
0.01500375357375065
0.004841454283444439
0.02163503996966852
0.006804615314269899
0.008039197613392958
0.00848713589738911
0.01256280685829628
0.001067222102740959
0.01531845339365481
0.007942537809253683
0.0062841817800103825
0.020409916282203757
0.004621952419111518
0.002369095534198503
0.014640894518499457
0.01449961825547488
0.005555615737667221
0.007805924110180018
0.007053585625435278
0.021008549886772913
0.015478263484740552
0.008703949185153045
0.016916365703391254
0.014321227516206594
0.004821694411454578
0.004357857483672378
0.01307691930983677
0.01959245540895873
0.006411420455804086
0.005999308617088386
0.005736971416927608
0.012054042527867185
0.01020974852535381
0.0016135992515788665
0.004039550109572998
0.007786757163855446
0.005013980156112603
0.014275726889160933
0.02126441458054891
0.006215914024560667
0.005850260849602449
0.008660653525576049
0.0024937863136745425
0.0037053369708196157
0.009043977577389208
0.018948194723862676
0.019847678295526347
0.00024233741383787631
0.008750636622646002
0.0021748630959875937
0.0013930706341415567
0.013686214799519151
0.006039804810911636
0.008091789285799149
0.014184844666381664
0.017236590597375413
0.022774957799054595
0.012704168511286917
0.017177839042704663
0.014977085839434063
0.012291080341696532
0.02216230215472536
0.023484794268720875
0.02212285834623745
0.010196908240282998
0.012266488098008942
0.009526135371256107
0.011671311028008835
0.02107011708366684
0.008310872583137329
0.013784456223802432
0.0035849505634525033
0.02184073806602413
0.008621319893024606
0.02286902485456878
0.009898336047699755
0.008459158328783318
0.018477965297085997
0.009963095057816642
0.015850222418647912
0.012298190091672111
0.018845386721693037
0.010483892939172726
0.02407711948978569
0.0030412691647277563
0.00868091919450029
0.014681574977696442
0.006585802859038129
0.0020491688494614
0.007616432030186559
0.002206451249659947
0.012659301113710903
0.01411708078484655
0.023630442612605124
0.010401147386001501
0.006357123113910798
0.02022439311062937
0.0020456827271697437
0.01934875504459187
0.0026655900437710187
0.024604350503782343
0.012930827226437949
0.006539803164572316
0.013933733225066677
0.01866866373638142
0.010368552325347214
0.010231319837214509
0.010517722394106
0.010747517270670926
0.013837685090567618
0.013155322918132806
0.023291336143832803
0.008646735289942364
0.009683072797533918
0.0017933792855147805
0.018593493615608164
0.004332471111444598
0.00458683214719556
0.0051728497901266995
0.004043492524810558
0.005721842166950018
0.0031047884833798316
0.013931118277174751
0.009649840540172086
0.007626685595961117
0.017608960486255352
0.010930711639963505
0.02250922524571491
0.017130854785505654
0.003928892901991771
0.018041818994973077
0.007899779725359764
0.005989203418942506
0.011803780276158516
0.013515726135765904
0.010363817633826686
0.004858417780346176
0.009378409914117274
0.007350333659421936
0.007789831167023573
0.017066321861408197
0.007427140297045909
0.022157907537925427
0.013464224082446853
0.008528781566895832
0.015639052276180447
0.010519515455368743
0.01799820880870371
0.01444280422475367
0.0073303338948010974
0.011880510136272516
0.017455303165894373
0.018098459815497653
0.009020266714058192
0.008031540509344175
0.013595461681322031
0.0048358608264885
0.007370644152147785
0.004183057748254227
0.008712924115704158
0.01623844121932195
0.006962452741398141
0.007819645806786617
0.009123878169389428
0.009858721382821817
0.01116871487982784
0.0028402089223785103
0.00797523850417282
0.01234560038317491
0.004208505201496044
0.01383194483138412
0.012625891017936059
0.005220949895806629
0.0043377543880066686
0.006946021077127594
0.004765117635989291
0.008448258350852745
0.007247816685036306
0.01332263324204604
0.0049112403596029116
0.009597287003943963
0.006142735358461167
0.009298092486819029
0.00589052650695594
0.00550557147025756
0.008715682141306969
0.001440667966639669
0.02223829673622708
0.007749354703021927
0.005206576467857479
0.0013890026564954362
0.003328090704660283
0.015492053446636789
0.0033043463715257066
0.010499632209566226
0.008170377367868327
0.016639702733119217
0.006897349395390658
0.00930482604248398
0.01712800775919869
0.013524037294679749
0.005604599370581599
0.002252734916330314
0.00831689244970576
0.005647778109814179
0.018949440818928374
0.007848233833430947
0.013879379531630136
0.004962257492673669
0.010388235929563531
0.001066586692512416
0.004390960868812179
0.024065939265566022
0.003102527590639043
0.01768018412153473
0.0066928607670075696
0.01308152140884363
0.010872851497635507
0.008795746082914689
0.014491633800842018
0.02204620001742603
0.008472406155289264
0.011107989184922677
0.004007051230559372
0.01859771655110258
0.008079635767935484
0.005308002833536905
0.009304055592871511
0.0052298986111355555
0.00658408147567189
0.0031525938457972313
0.005739898422463015
0.009556672247601986
0.017012086091001705
0.0016644574285815967
0.004261154446216868
0.011518143825607115
0.010865142003898643
0.004273839166564328
0.012584055985936224
0.004273735405685996
0.008566575078522994
0.010684696072758699
0.008520655560434343
0.0016652027133276992
0.021299890267878065
0.016478890503247315
0.002964920829847107
0.009225621685059148
0.012195735538889082
0.012340902259426965
0.01389906196398972
0.0038565966271557873
0.00797835037353607
0.0050731057464359465
0.009131139209924637
0.018159766428724536
0.0011942704482248686
0.0069178658662516265
0.013554122692457964
0.01524960870798313
0.014328961753067668
0.0055509563314686625
0.009120553898443053
0.01725018858317623
0.002566952815555871
0.007993279356915167
0.009337691753110201
0.015565883240574776
0.008373040465516086
0.021457019199099578
0.008704483310286502
0.008580142856768676
0.019421232202555334
0.011624205378540546
0.011359644279981469
0.012813999795305635
0.008655210749911778
0.014867000250749437
0.011607284073759945
0.00045152368277912285
0.002582324870790609
0.005642693430577058
0.023975616306190377
0.006035644461406092
0.014987515520773043
0.012628750709261508
0.0051315756314766455
0.017049968259253742
0.013465830407136486
0.0091315676233802
0.01184287809858749
0.0043779414239562674
0.002271206207129389
0.011094871366419387
0.007130338791459839
0.010172649994489939
0.0008915628691784036
0.007315956483602396
0.0009346205288759879
0.020762834226351036
0.002810218561858426
0.002846317572401779
0.003022904971912186
0.011529245391957325
0.017283393945976586
0.008991707687003603
0.014064546829612888
0.014751113532925587
0.011461657883934398
0.024868960877936667
0.010825308840006178
0.0045163499365483955
0.003595271372496465
0.0068352043436559155
0.010487468039232999
0.015083535668551303
0.017494336539338434
0.005827280155290079
0.018173794643968955
0.018576137049716543
0.0016025730057772076
0.0001003150187992765
0.0077520357113236935
0.004798544559475321
0.007355440503055687
0.004777772456498076
0.021283397213622195
0.012842562412859932
0.02303676355292565
0.011529640659626002
0.013181759704256387
0.005815551092821083
0.017956406260338297
0.012673868804379578
0.007974564062404373
0.007678961191901486
0.02043798463686023
0.0027885778569402622
0.011402151800988239
0.013426693549153592
0.014158352580497573
0.004939841509397863
0.009788370909562829
0.00895897684463325
0.009129873880302156
0.009457690774869888
0.010146719536561254
0.007594742572698026
0.008361017137206037
0.01110419774638259
0.0005517028689933793
0.009944847430660401
0.018945488757173206
0.012525210751327917
0.003139296531598754
0.01543472803899608
0.0073412016603997075
0.015232601930267103
0.02427968449763289
0.005474911030239027
0.018609940201798778
0.01982322140685231
0.010431638082112947
0.006692903055610789
0.013221921833025655
0.015492707675638642
0.010321155709027613
0.011887067306576727
0.02054421905689156
0.012580655549674939
0.0072606169710247095
0.014983154828608562
0.012126560510333381
0.019104541792768465
0.009159880720472255
0.005554974017395063
0.001987902136523636
0.0027042075644269793
0.023472542271921415
0.011585448510671016
0.021362610931966747
0.008706324573364283
0.011200983631930797
0.0017463345983298921
0.003611090513991329
0.010703332306740804
0.010408858267418167
0.00015413147509990392
0.009611798291597896
0.01442467678577183
0.011228245009932384
0.010569422366388973
0.0035184009988891455
0.0010991265178912813
0.012719770652472553
0.01612986626930704
0.0022615287293806727
0.015592812607307705
0.005809317644305252
0.014578088521812393
0.003792135544290739
0.0015852374098680195
0.01557600857942057
0.02034468645284713
0.006647817403663438
0.0030518003282911377
0.009122306778384878
0.005966086797941772
0.012698105729679474
0.0070083521845841195
0.003949399850233312
0.0020630332065387906
0.012360846370807034
0.012810773636816207
0.004199187567074039
0.005283465104608239
0.011286619569477041
0.00920667774216729
0.011518224339627691
0.012535243225804862
0.00855893551496014
0.01991160379087555
0.009402210018829611
0.014233043983122558
0.009407513507888883
0.02212688695745119
0.004425713511456512
0.009479338314017859
0.0027886721523123405
0.004812394047063144
0.017495844719642033
0.011068032053720867
0.008007216506756228
0.01032276410485371
0.0150130147663597
0.01710425072573865
0.005297488182696324
0.01463317254671282
0.01929811732321357
0.012945525068513517
0.013395104522280555
0.020981042571556367
0.013209089841315653
0.0024574482889359907
0.009979061760369869
0.016207717576805655
0.023566555860604153
0.00603410010142949
0.021621140120757734
0.009934989802824298
0.006307693405518479
0.007969241088657621
0.00831775197694865
0.01638764752139608
0.0073983503533744215
0.0019311527326182376
0.010360993498761139
0.008056340477396857
0.006171115121561377
0.00423876054049524
0.020597993810313645
0.012427274806010849
0.010372081446806364
0.013760726120982053
0.007096873276472111
0.00431676451301088
0.00910594317614307
0.0035171593441893924
0.0018279452820977858
0.007939192279407675
0.013589069439051398
0.0037238219471452836
0.01506974451837852
0.009483460343319847
0.012053078974811478
0.008614118388682618
0.00623415115998531
0.003766685951128189
0.01199092825988847
0.004183708463961882
0.007735564007101882
0.008582404707763855
0.006041716431689049
0.012673832618839176
0.021490342392406363
0.011876339361094283
0.01351318110830689
0.008471369064922785
0.01437632460750883
0.021516980215589253
0.009296022129660377
0.003130651386670889
0.016026283646537867
0.006545374192334805
0.004941806757611567
0.00833524110437397
0.011805573122561756
0.002342254737967991
0.012970929985007717
0.017970973890131418
0.007729014936638126
0.019124044377513767
0.014349118860945828
0.007363086225651699
0.001906161193575088
0.006018190132105694
0.01009960499423053
0.003419506313104592
0.017970395896711372
0.0015422388846589655
0.012167315883558925
0.020920429360276438
0.004828961066459393
0.022158869474710397
0.012474093006281495
0.013971636103079377
0.013716736925052831
0.011401341285122418
0.02245393366917443
0.007261857237810358
0.010164838846108405
0.012585823930792227
0.013309525247139022
0.022884885016765093
0.023230426362251245
0.006596587864925727
0.017683713541384607
0.008806076910771309
0.004725324550019153
0.022158439878885144
0.0053861842303934895
0.005356294900694494
0.013352967544955076
0.006812851443483532
0.006541312777065439
0.011557710418343498
0.006049034033927822
0.006738392581374146
0.007918098858340534
0.010872476219928071
0.002252627154955706
0.019648403759468885
0.008958035853562156
0.007380016960557669
0.009708332297382712
0.017328274447148795
0.015258209129354524
0.019856638253939015
0.003964171154573035
0.015109750894618126
0.0029635288951400315
0.016606279520603194
0.013432644933920771
0.0068481860357048506
0.0191072947320282
0.009683933633273453
0.014645351041957761
0.019432690752905206
0.01046221364583333
0.010893840067425277
0.007270046006613279
0.007109718701826507
0.006242586559021638
0.020428986741677174
0.015400655635181178
0.010057679833888819
0.00618826248043338
0.013336398197903339
0.0018259191322568989
0.011878421424387366
0.005786359488124893
0.010514631410581001
0.012159390085146137
0.007734431393662764
0.006269060331060837
0.011615248944073373
0.01930543818022823
0.010617622338993517
0.0011513360872538172
0.014395771722625928
0.019675607041241352
0.013797896879928684
0.004636833393195946
0.010628092822466104
0.009623829103346051
0.004804809028136932
0.005308834799038495
0.01073221330303633
0.004739326238611509
0.01752985409458513
0.01312849480933891
0.00794777985636894
0.009087190022505626
7.411192597513985e-05
0.00040118382884041454
0.019259331155178517
0.01020615420697974
0.0036796105504154145
0.0012050971103896423
0.022451346716772454
0.003064515980051705
0.00147507577302277
0.006668711844818571
0.004090271208963063
0.011430719379094356
0.011774040001523085
0.021212908591288777
0.011070462464633843
0.004366361521985678
0.016542424260696423
0.011246297515166297
0.0191171933325144
0.023592039124895773
0.011294786667889916
0.005340234503466145
0.01895249064979862
0.0057446463897178335
0.008203950418480547
0.007957337924562888
0.01448010922012556
0.008186898438125546
0.005375187519436033
0.016478407465051317
0.0016214971950956106
0.024668198417212454
0.01679192935995173
0.00527993620816373
0.01707436677780097
0.014389057055661921
0.001468453687362654
0.009923628575258775
0.015140532215045913
0.0178484124136611
0.0020952750016535264
0.012397080597361464
0.00550885440710628
0.014542240310803306
0.004004550007395193
0.01643180421085526
0.00026345350613791183
0.006698584224340402
0.0029013050264981395
0.014721598942902099
0.003715955268115299
0.005887295461998677
0.0032478562992895553
0.011160452537028407
0.012478292676847566
0.001853708217859021
0.0028456214201915413
0.009731464246539463
0.003863743697327921
0.007084092009532561
0.007839071676188218
0.011587008580295224
0.006602054257701176
0.010584606350576963
0.007954858636791025
0.019929111921891424
0.010226413441047352
0.013706216301064469
0.0166211809445557
0.012447817612295473
0.0073933071295703935
0.009391631633071858
0.020299312199937372
0.009133350912052519
0.0030561490385936476
0.010337339715041924
0.006323127598101703
0.013122345370514623
0.003760820062117892
0.012892026900481343
0.016556821122059594
0.0023678285878689148
0.012343464873291474
0.003919462602409722
0.007830225915183623
0.01860780431815611
0.010178495669464268
0.010935665731985829
0.020476300656826492
0.002414271024590355
0.0059686316302062095
0.007565895176122667
0.011996777950071001
0.014245520713507596
0.007742865828074191
0.004728936630511681
0.016019140924332827
0.02026836208519073
0.010679083673825317
0.0012631757909608464
0.00022817009822683615
0.0018902270713569511
0.0012604376254341503
0.009333908246448138
0.004125329393104972
0.01350709550882065
0.010428359040256472
0.0026280622498465567
0.01877859102683084
0.012525607933612692
0.001525543604520003
0.013891746889856326
0.0101143001784111
0.011296731676571657
0.007435009152665103
0.008838388349551255
0.007906086290444729
0.018080821960625985
0.013650352159160398
0.021997510733696254
0.005903064284251822
0.009321400631546743
0.014087192019210939
0.011515077996499395
0.005754644609694506
0.01970358681333882
0.004144220202880555
0.007552254495052389
0.00518470215975444
0.017432073281508375
0.008736231604622193
0.012407300317314204
0.005759549025866961
0.01841265005977122
0.009860731150728582
0.009662516987143691
0.017898060024030334
0.014828456255800555
0.013408056841840514
0.008610554038616781
0.02581640504914248
0.004234720493993259
0.010075023379984598
0.009550179152622802
0.0034472760659223023
0.005137152490067442
0.014719560582563275
0.021278303463884523
0.007549371534680363
0.007286110365867432
0.012284198754726477
0.011767606437270324
0.007702181600048577
0.00013518223448754415
0.003588233109473613
0.00792812881265718
0.013634062172997586
0.005791027756543006
0.017680710242006854
0.004448162812878459
0.010028821753612976
0.013891176280506758
0.0077474048738976915
0.0091019743943308
0.008957025727677502
0.006050473168022668
0.007917116598602015
0.004591896589986589
0.003342495414743828
0.019210094926982436
0.010991932214567027
0.00791444575553085
5.076701156528363e-06
0.009366158816533226
0.011123474956498155
0.006499920751353379
0.010148469786134704
0.01067504420817379
0.013086502323976804
0.004885367658710385
0.004303772253604498
0.001802103947949908
0.006084685443548557
0.009761024992671338
0.005844807387821848
0.019301543030150213
0.008555701121690159
0.02353404152118732
0.008641485736463306
0.014858449604697429
0.008831227177150881
0.004501840330131238
0.014384908338585639
0.01141017967869238
0.004674308760734004
0.012839943069259395
0.01963029098736616
0.005264014577997271
0.010433434742437324
0.022067076595343068
0.012368100414469875
0.004454260015424601
0.011492818894590463
0.006449986018135718
0.021261512833924422
0.002566641689594571
0.015823069383682824
0.012908291607163369
0.010393075817012844
0.00819371746576977
0.01632417399875159
0.0074961529110848316
0.00700922609711886
0.022100489040486813
0.005139453664288958
0.00952547526453092
0.00412158897013668
0.011697069319119686
0.005740781677296926
0.012661437853845641
0.00699365173881973
0.007759305158819001
0.010814028605563648
0.004902847637968264
0.014767347989209242
0.009627577808093788
0.019550220435630393
0.011651975808142319
0.01007810502515889
0.0011834848400571864
0.011740055775537302
0.00826353651027189
0.0013464571182910975
0.012439809872520162
0.008537510685656646
0.010215437654553676
0.005181511663091121
0.014986438582598304
0.021936171390397847
0.018631432436685753
0.011381349876040763
0.012955226500159374
0.011709709103547152
0.01073762798224211
0.016489136850356006
0.005342458662249703
0.008977648742071591
0.01584478026105431
0.011758382697173515
0.004417067406610084
0.010402062203129739
0.015027889804590426
0.019456985261183234
0.013476996757203088
0.010506135837709013
0.005291587869372728
0.003978556009702016
0.02351395395538087
0.009014260213960824
0.013424941107366771
0.011667253247281018
0.014288063317842586
0.016287943650564702
0.0030991284605082696
0.013799904468729718
0.007361461209262992
0.016543829193510592
0.0160703766822588
0.024368009897212155
0.010223996810040346
0.011299815799928403
0.018244545647985985
0.006617179079406262
0.012287352367425368
0.013433214609819496
0.010384407524728544
0.004328845986063503
0.01574746394511522
0.005099069209932996
0.02060431354383469
0.009127239354949733
0.010876197274403768
0.014699950129449269
0.016277378231328892
0.020588940570231303
0.01384833893860579
0.007768812921314301
0.0053862424275257816
0.008834958609710763
0.0065127150476291555
0.008434349669635785
0.0045266098548334185
0.005202010522438679
0.008923272679002734
0.019584936977764845
0.011034830842888551
0.010284281242736677
0.007452578757904113
0.004486320856265619
0.01881641883110477
0.00931698034212831
0.0026988846662285666
0.0032504043591180982
0.009564342311505655
0.007905165175339506
0.0004361469911670227
0.005567123422747944
0.007804016084672698
0.01348912289557201
0.015341906866881728
0.01915333759118193
0.004387973876319862
0.005972804163482317
0.0050148344754144085
0.0036383281073760904
0.005728825975211726
0.011007321187025135
0.006186021224418236
0.0029425601763777504
0.009583749100330868
0.002593171519415457
0.003793810833101075
0.0029290606423908825
0.00499304347465282
0.02332968765684042
0.012118556746268019
0.02200879302163296
0.010069132901878082
0.013261545623031085
0.010164887425077542
0.023880540315318756
0.011271375504224619
0.0047176977410862304
0.009198224558874483
0.002517795773112632
0.009748539153703422
0.009070857801302828
0.007821040196066994
0.021884413511958918
0.014673394116024863
0.01023932698148354
0.008992867976529685
0.010974427939362139
0.01073256923130784
0.019557746121699603
0.01868252295048828
0.007023808219907626
0.0120099328257816
0.011215897259606462
0.01878030630006847
0.0015720191782020343
0.0118323318303728
0.018219581210152932
0.010259747355525786
0.007502466675152383
0.004653911053193285
0.011547193735276743
0.006399028395985658
0.003689877049563261
0.01828264145557079
0.00396517206611681
0.007026337293918723
0.0023520606356717457
0.016191896371611263
0.013383489666257681
0.005162833557234933
0.0014099826531719759
0.0031983847650188368
0.008110404239158287
0.017466246997393603
0.012606046728016561
0.010494402461156372
0.005317405316197864
0.01720151939702791
0.022045549625174434
0.018203478878855386
0.019670332840845895
0.008069413620464112
0.017778585555855323
0.009477838091465025
0.010260094540609957
0.013848901765892072
0.009577034723749637
0.007268075318437622
0.012508523427520537
0.00320921898301454
0.013282726833955249
0.018472897580888888
0.014022467357608438
0.006775319297675267
0.013563411140903451
0.009336371581184347
0.010353243655269571
0.0032511365091164165
0.01639713894514755
0.005997647397103437
0.001946424324387872
0.010681678544239605
0.014247908826060906
0.005208955072322061
0.003621029896495113
0.017725999701402543
0.014781165142033929
0.01798833577501272
0.009859894764924309
0.005829581877452037
0.021336812883276518
0.0031314095417615652
0.0050150816695514215
0.008431544251187235
0.009607623760135582
0.02222454038401845
0.013731130728659294
0.00462095049557585
0.002607658833246636
0.008435130914716447
0.005707855310967281
0.005988735418146301
0.003423214592687248
0.00722766884388275
0.0018284807458135597
0.00810833750511707
0.018829664081010375
0.014721879923823813
0.009258814282505103
0.014325225687380285
0.004413874092836004
0.01801032138302019
0.014882269939434863
0.0016463657020937376
0.012847701461339258
0.012542805705189614
0.015161226824350038
0.0036269201943071845
0.012130722227041866
0.00937273982033666
0.01823148599189242
0.01234451373980675
0.004481703853719596
0.020010531824265057
0.020678357743851194
0.005982885698474441
0.013930371784763109
0.012432486396460154
0.0030972558820843293
0.015299530772121983
0.015232663469832939
0.01188094337040543
0.01419085952482929
0.014057134918756542
0.010229943329974709
0.005361578127516048
0.006419796960680044
0.02214281607573045
0.012813499941216158
0.007200681033072113
0.009906632646548714
0.023308452039273425
0.008330754791436894
0.010093121047194634
0.015811687341599184
0.004028326927940704
0.009359054678867142
0.015836746699447762
0.0162481769327632
0.006178109448337205
0.005657527725872346
